AdjacencyGraph
2405
15985
0
3
15
17
37
50
62
81
91
103
112
122
127
131
137
145
155
166
173
175
177
181
182
188
194
200
204
213
221
226
231
237
259
263
264
271
273
277
280
281
285
288
297
303
323
329
331
345
359
365
375
376
381
388
392
396
397
401
407
414
417
421
436
440
451
459
461
470
473
501
512
519
530
535
551
553
567
575
579
584
598
606
617
622
624
630
637
638
641
654
667
673
682
693
700
703
711
716
718
721
730
743
758
761
766
778
778
789
797
806
815
829
833
836
848
855
858
862
865
869
891
899
905
908
909
924
930
930
933
940
946
946
946
951
958
959
963
971
978
979
985
988
996
1003
1007
1010
1015
1037
1046
1055
1060
1062
1070
1071
1078
1080
1087
1091
1094
1097
1107
1119
1125
1130
1138
1144
1152
1157
1165
1167
1168
1176
1186
1194
1197
1201
1208
1215
1224
1232
1238
1245
1259
1268
1277
1280
1292
1302
1305
1315
1319
1321
1321
1322
1324
1327
1331
1340
1340
1341
1344
1347
1352
1355
1356
1360
1361
1367
1369
1370
1372
1379
1380
1380
1388
1389
1394
1408
1418
1423
1429
1435
1444
1449
1457
1476
1497
1521
1523
1552
1574
1580
1592
1611
1632
1646
1683
1706
1715
1719
1726
1730
1751
1778
1794
1816
1840
1860
1883
1885
1888
1893
1895
1900
1902
1905
1907
1911
1914
1915
1917
1919
1923
1925
1926
1930
1930
1937
1939
1953
1964
1981
1997
2012
2012
2013
2016
2020
2022
2029
2034
2038
2041
2041
2046
2059
2075
2076
2077
2089
2107
2108
2113
2117
2119
2124
2128
2130
2134
2139
2143
2146
2149
2149
2150
2165
2180
2181
2188
2194
2196
2209
2211
2211
2213
2215
2217
2220
2224
2231
2239
2242
2245
2251
2260
2260
2267
2273
2279
2283
2287
2293
2293
2299
2305
2312
2318
2323
2325
2330
2336
2342
2356
2360
2363
2371
2377
2382
2383
2386
2387
2387
2391
2395
2399
2407
2407
2412
2422
2432
2438
2454
2458
2459
2463
2464
2466
2475
2476
2478
2481
2486
2487
2489
2499
2501
2510
2512
2517
2525
2528
2530
2533
2536
2542
2552
2557
2572
2581
2593
2594
2600
2618
2631
2653
2656
2662
2686
2704
2721
2734
2747
2758
2761
2771
2773
2773
2781
2784
2795
2809
2819
2824
2827
2832
2837
2846
2854
2867
2882
2900
2911
2912
2920
2929
2937
2952
2964
2974
2978
2986
2995
2996
3010
3030
3042
3057
3063
3067
3069
3071
3087
3096
3100
3107
3113
3133
3142
3143
3158
3171
3173
3192
3193
3194
3205
3208
3210
3224
3227
3233
3241
3259
3266
3275
3296
3298
3300
3313
3313
3317
3321
3349
3359
3361
3363
3382
3399
3414
3415
3418
3425
3431
3439
3449
3455
3464
3469
3472
3474
3495
3499
3502
3505
3514
3530
3534
3537
3549
3553
3556
3557
3562
3570
3574
3590
3603
3605
3607
3623
3639
3658
3661
3676
3679
3689
3700
3705
3710
3728
3730
3733
3747
3749
3767
3769
3785
3796
3806
3823
3826
3829
3838
3843
3847
3855
3858
3880
3887
3902
3906
3918
3926
3930
3932
3943
3946
3952
3958
3962
3966
3970
3972
3985
4000
4004
4020
4029
4040
4050
4069
4075
4087
4098
4102
4108
4114
4120
4122
4126
4135
4141
4147
4150
4153
4155
4163
4163
4167
4175
4181
4189
4212
4228
4238
4246
4252
4262
4266
4283
4300
4311
4319
4331
4345
4350
4358
4380
4383
4391
4396
4407
4425
4455
4467
4475
4484
4493
4505
4523
4533
4537
4548
4549
4558
4562
4571
4576
4581
4588
4594
4600
4608
4612
4617
4641
4650
4659
4665
4685
4689
4697
4709
4713
4716
4723
4725
4726
4733
4739
4748
4751
4756
4759
4761
4765
4773
4778
4784
4808
4809
4812
4818
4820
4826
4828
4830
4831
4838
4843
4844
4847
4848
4851
4861
4864
4873
4880
4893
4900
4902
4914
4914
4921
4926
4927
4928
4936
4938
4942
4945
4953
4956
4960
4963
4966
4970
4972
4974
4975
4977
4979
4982
4988
4989
4992
5001
5012
5013
5014
5019
5025
5026
5028
5034
5037
5047
5052
5055
5084
5089
5089
5096
5099
5122
5125
5136
5140
5142
5142
5145
5157
5162
5166
5177
5178
5183
5185
5187
5188
5198
5200
5201
5203
5206
5219
5228
5233
5237
5242
5243
5250
5253
5268
5271
5274
5288
5292
5296
5301
5314
5324
5340
5343
5344
5348
5351
5353
5364
5368
5369
5373
5390
5401
5402
5405
5411
5418
5420
5423
5424
5430
5444
5453
5454
5458
5465
5481
5483
5489
5494
5494
5506
5511
5514
5519
5522
5526
5532
5538
5545
5551
5555
5559
5564
5579
5590
5592
5602
5604
5605
5607
5612
5617
5627
5636
5647
5651
5654
5670
5672
5678
5685
5686
5689
5699
5704
5708
5712
5725
5737
5741
5745
5747
5750
5751
5757
5760
5772
5774
5780
5785
5788
5803
5815
5817
5821
5824
5825
5831
5839
5840
5842
5844
5845
5845
5845
5847
5848
5848
5852
5857
5864
5867
5869
5880
5880
5883
5887
5888
5898
5907
5910
5915
5917
5919
5921
5927
5933
5936
5938
5948
5952
5953
5954
5957
5957
5960
5961
5963
5965
5966
5968
5973
5977
5979
5980
5986
5999
6006
6010
6010
6015
6018
6024
6027
6028
6033
6037
6039
6040
6042
6047
6051
6054
6058
6065
6066
6069
6072
6075
6077
6083
6084
6088
6093
6098
6102
6107
6114
6115
6124
6133
6143
6146
6153
6154
6160
6166
6171
6175
6176
6194
6198
6203
6216
6224
6224
6228
6238
6248
6256
6266
6270
6284
6284
6288
6292
6294
6297
6310
6322
6322
6325
6326
6326
6344
6345
6348
6349
6350
6364
6370
6386
6388
6398
6407
6413
6425
6430
6433
6442
6445
6450
6454
6454
6472
6475
6479
6485
6487
6494
6500
6509
6512
6516
6524
6527
6530
6533
6534
6543
6548
6557
6563
6567
6569
6572
6573
6579
6592
6597
6600
6605
6605
6608
6624
6626
6630
6632
6636
6643
6649
6658
6659
6660
6663
6668
6671
6675
6678
6685
6688
6695
6701
6710
6712
6713
6715
6724
6725
6728
6730
6736
6740
6751
6752
6759
6761
6762
6763
6765
6766
6769
6777
6779
6784
6790
6793
6797
6802
6809
6815
6818
6829
6833
6841
6849
6856
6858
6859
6862
6866
6870
6874
6886
6892
6894
6896
6897
6899
6904
6910
6922
6934
6939
6942
6945
6950
6954
6960
6964
6969
6973
6976
6982
6986
6988
6991
6993
6999
7001
7008
7013
7014
7023
7037
7045
7049
7051
7053
7055
7058
7063
7064
7075
7080
7084
7084
7088
7089
7107
7119
7120
7120
7126
7129
7132
7144
7144
7147
7148
7151
7155
7157
7159
7165
7165
7168
7174
7177
7181
7186
7187
7191
7192
7195
7197
7208
7211
7211
7214
7221
7224
7225
7230
7232
7234
7234
7236
7238
7241
7249
7256
7262
7270
7278
7284
7287
7291
7293
7304
7310
7312
7320
7337
7344
7350
7350
7353
7356
7361
7365
7373
7381
7389
7397
7404
7414
7423
7428
7432
7435
7438
7442
7449
7453
7454
7455
7459
7473
7482
7488
7497
7498
7501
7505
7508
7513
7515
7515
7518
7523
7527
7527
7530
7534
7538
7540
7546
7548
7550
7567
7571
7583
7591
7594
7596
7597
7607
7617
7618
7620
7622
7636
7648
7649
7655
7662
7673
7677
7681
7684
7696
7699
7703
7703
7709
7713
7716
7721
7727
7729
7732
7735
7750
7755
7766
7771
7776
7778
7789
7800
7802
7814
7817
7829
7832
7838
7849
7853
7855
7866
7877
7880
7894
7900
7904
7906
7910
7920
7929
7936
7947
7947
7959
7964
7967
7970
7981
7982
7984
7990
7991
8000
8011
8011
8013
8022
8024
8026
8029
8038
8041
8052
8054
8057
8065
8066
8072
8078
8082
8085
8087
8096
8099
8100
8102
8105
8118
8119
8139
8143
8154
8161
8167
8174
8188
8198
8199
8209
8218
8224
8228
8231
8238
8240
8247
8248
8263
8271
8280
8291
8295
8309
8316
8318
8319
8329
8334
8337
8342
8344
8354
8358
8366
8370
8375
8378
8387
8393
8407
8418
8426
8436
8440
8442
8452
8453
8463
8464
8474
8480
8481
8494
8495
8497
8497
8499
8501
8502
8508
8511
8514
8520
8527
8534
8540
8545
8550
8555
8558
8564
8566
8568
8574
8579
8581
8586
8587
8588
8592
8595
8598
8608
8620
8621
8630
8636
8665
8668
8694
8709
8725
8773
8804
8820
8833
8856
8872
8881
8912
8947
8986
8992
9008
9023
9055
9102
9124
9134
9165
9181
9191
9241
9252
9260
9263
9276
9306
9317
9331
9345
9357
9402
9447
9473
9485
9492
9499
9527
9548
9561
9591
9624
9663
9708
9745
9764
9782
9813
9817
9851
9867
9885
9894
9898
9910
9931
9941
9955
9989
10017
10036
10038
10048
10100
10132
10179
10200
10213
10220
10243
10264
10265
10280
10305
10346
10364
10397
10407
10426
10435
10442
10443
10446
10449
10450
10456
10465
10469
10472
10477
10486
10498
10500
10504
10509
10511
10518
10519
10524
10529
10532
10536
10546
10558
10563
10566
10572
10584
10587
10588
10590
10593
10594
10608
10610
10617
10617
10619
10620
10626
10630
10632
10632
10653
10658
10671
10677
10680
10686
10688
10695
10701
10703
10708
10711
10716
10722
10730
10755
10758
10766
10767
10773
10785
10787
10792
10796
10804
10806
10809
10815
10816
10817
10826
10828
10830
10835
10841
10841
10842
10844
10846
10848
10860
10864
10868
10869
10869
10873
10877
10879
10883
10886
10894
10895
10898
10900
10901
10907
10908
10909
10910
10927
10936
10937
10943
10946
10949
10951
10954
10962
10965
10967
10970
10970
10976
10983
10988
10993
11001
11005
11009
11017
11018
11036
11046
11066
11068
11070
11075
11085
11086
11088
11101
11109
11118
11120
11127
11129
11148
11159
11169
11180
11190
11203
11211
11232
11240
11252
11262
11269
11276
11279
11297
11315
11342
11379
11392
11402
11413
11415
11437
11442
11462
11486
11517
11550
11559
11560
11567
11571
11591
11607
11608
11613
11626
11641
11652
11669
11689
11700
11727
11739
11742
11752
11756
11767
11774
11780
11781
11784
11801
11802
11804
11812
11814
11816
11817
11820
11840
11848
11854
11866
11892
11903
11909
11918
11924
11931
11939
11943
11947
11956
11962
11969
11974
11982
11989
11994
12002
12010
12015
12021
12021
12025
12031
12033
12038
12044
12055
12066
12068
12070
12078
12095
12104
12122
12126
12128
12144
12149
12151
12152
12159
12167
12170
12172
12173
12177
12181
12206
12221
12225
12228
12247
12262
12266
12266
12274
12275
12280
12284
12287
12302
12306
12309
12311
12318
12321
12322
12332
12340
12344
12345
12346
12351
12355
12360
12362
12370
12371
12376
12383
12401
12401
12407
12424
12427
12428
12433
12439
12451
12452
12454
12458
12460
12461
12476
12480
12498
12513
12521
12525
12532
12539
12551
12562
12576
12582
12591
12599
12605
12609
12610
12611
12619
12625
12639
12645
12648
12667
12682
12684
12690
12693
12698
12699
12701
12702
12706
12721
12728
12728
12748
12753
12758
12760
12767
12769
12771
12775
12793
12797
12806
12812
12814
12820
12831
12832
12849
12857
12858
12862
12863
12866
12874
12889
12891
12908
12914
12918
12923
12925
12927
12942
12951
12954
12965
12973
12978
12986
12995
13000
13011
13018
13026
13027
13032
13040
13042
13046
13048
13050
13066
13070
13071
13089
13092
13099
13106
13110
13126
13141
13148
13153
13157
13160
13166
13173
13178
13190
13191
13192
13194
13196
13203
13204
13204
13207
13213
13214
13217
13218
13224
13227
13229
13231
13239
13240
13242
13243
13245
13247
13250
13251
13253
13255
13258
13260
13261
13261
13263
13265
13267
13268
13271
13273
13278
13281
13283
13288
13292
13293
13294
13296
13297
13302
13307
13309
13313
13317
13319
13321
13324
13326
13328
13329
13331
13333
13334
13337
13340
13344
13344
13348
13353
13359
13361
13366
13369
13371
13379
13385
13391
13398
13403
13407
13410
13415
13417
13417
13417
13418
13422
13425
13427
13429
13432
13438
13446
13450
13455
13460
13464
13467
13469
13480
13494
13496
13503
13505
13514
13517
13520
13525
13527
13528
13529
13535
13540
13542
13545
13545
13562
13574
13586
13596
13608
13619
13630
13644
13657
13666
13673
13674
13679
13680
13682
13686
13690
13693
13704
13715
13727
13741
13744
13746
13752
13760
13768
13775
13785
13787
13793
13795
13798
13804
13806
13815
13816
13817
13829
13831
13839
13844
13847
13848
13848
13854
13859
13864
13869
13874
13876
13881
13882
13883
13888
13890
13897
13899
13905
13906
13907
13909
13918
13923
13923
13926
13927
13930
13934
13940
13948
13952
13955
13959
13962
13965
13970
13975
13979
13985
13991
13992
13997
13999
14002
14003
14010
14014
14015
14020
14031
14034
14054
14059
14063
14072
14076
14082
14090
14094
14094
14107
14116
14124
14127
14140
14147
14149
14153
14161
14164
14170
14175
14177
14179
14181
14183
14185
14188
14190
14192
14212
14212
14214
14218
14219
14221
14234
14252
14255
14258
14271
14281
14298
14299
14303
14305
14323
14342
14344
14349
14358
14358
14374
14393
14419
14420
14444
14463
14465
14467
14469
14474
14490
14494
14499
14510
14512
14515
14515
14519
14523
14531
14540
14555
14562
14564
14572
14578
14578
14586
14588
14595
14597
14606
14617
14620
14624
14625
14640
14645
14653
14659
14660
14664
14670
14675
14686
14691
14697
14701
14728
14738
14746
14756
14768
14770
14773
14778
14781
14785
14790
14803
14812
14828
14836
14838
14847
14855
14866
14869
14885
14891
14902
14908
14914
14920
14923
14941
14946
14954
14963
14967
14984
14992
15000
15002
15009
15021
15033
15037
15042
15044
15051
15054
15065
15085
15097
15104
15107
15111
15117
15125
15131
15138
15157
15164
15170
15180
15185
15189
15194
15200
15206
15214
15219
15223
15229
15237
15244
15247
15248
15253
15255
15261
15263
15268
15269
15275
15286
15297
15309
15313
15317
15324
15339
15340
15347
15354
15356
15359
15370
15373
15374
15379
15385
15390
15393
15394
15398
15404
15409
15413
15419
15424
15431
15433
15448
15469
15483
15495
15515
15531
15541
15548
15551
15554
15557
15574
15580
15588
15588
15593
15595
15595
15600
15606
15613
15621
15629
15635
15648
15651
15652
15653
15658
15665
15668
15674
15678
15682
15684
15689
15692
15699
15712
15716
15716
15719
15723
15725
15726
15727
15730
15731
15735
15737
15740
15743
15745
15746
15746
15747
15749
15753
15753
15759
15761
15765
15767
15769
15773
15775
15778
15778
15781
15783
15786
15790
15795
15801
15804
15805
15806
15810
15811
15815
15817
15819
15820
15822
15830
15834
15835
15836
15836
15837
15838
15843
15851
15856
15859
15868
15873
15874
15890
15896
15901
15909
15912
15921
15923
15933
15941
15943
15947
15952
15960
15975
2393
1311
399
1685
1663
1653
1647
1643
1637
1628
1621
851
5
4
3
2394
7
1685
1663
1660
1658
1648
1647
1645
1643
1641
1637
1635
1621
1607
978
859
699
6
5
4
1
1685
1663
1648
1646
1645
1638
1637
1628
220
6
5
3
1
1685
1663
1658
1654
1648
1646
1628
699
6
4
3
1
2404
2402
2401
2330
2159
2147
1653
1647
708
525
445
411
399
393
63
9
8
7
1
2404
2402
2401
2330
1648
399
9
8
6
2
2404
2402
2401
2159
2098
1647
525
411
399
9
7
6
2404
2402
2401
2159
399
393
8
7
6
448
408
304
304
304
304
304
288
272
269
493
68
66
43
16
670
654
88
52
818
714
489
445
434
393
496
393
391
160
141
117
90
43
489
181
172
116
92
73
68
66
64
16
493
393
181
167
119
116
88
68
67
48
11
393
148
136
85
69
58
43
89
20
89
20
1624
411
393
89
43
496
180
114
63
49
32
1412
980
393
391
89
25
1412
391
117
43
23
14
496
88
43
23
1443
228
221
213
155
124
89
52
31
445
160
133
85
68
63
60
43
393
391
160
117
43
458
393
88
79
43
411
393
189
85
50
43
1413
1412
682
668
660
658
235
228
223
222
221
216
185
155
124
107
90
89
70
69
52
26
509
146
136
43
900
393
89
87
39
37
36
23
411
393
393
39
37
34
393
90
39
124
393
37
36
34
393
43
23
987
525
458
393
136
103
69
43
23
1641
1443
497
133
63
47
1467
696
682
654
391
160
124
85
77
76
68
58
52
51
49
41
31
30
27
14
496
180
114
49
43
22
1497
43
496
489
391
323
161
153
153
117
113
104
99
84
69
68
536
493
476
159
146
128
125
119
110
109
91
75
61
43
179
167
68
67
63
16
714
540
496
180
114
85
61
58
43
22
496
464
185
160
88
43
670
235
142
90
69
31
26
525
433
85
43
124
88
43
12
23
496
393
384
383
962
525
393
164
58
43
990
967
960
409
71
69
43
525
129
43
445
68
66
27
536
449
159
146
128
125
119
110
109
91
90
75
71
69
47
221
216
124
107
489
186
140
139
133
133
101
100
99
90
82
181
179
172
116
92
88
68
15
181
68
493
183
116
85
68
43
27
16
11
445
68
16
1449
1443
1434
1095
560
560
400
391
229
183
181
179
175
167
143
122
121
106
98
73
67
66
60
48
46
43
27
16
1401
221
185
90
90
90
89
70
52
31
26
234
185
124
107
69
52
31
1641
1573
708
696
526
393
185
107
90
63
31
391
244
235
89
31
679
445
235
181
179
175
167
124
118
116
106
90
68
64
43
15
144
43
536
526
505
393
247
146
145
128
125
99
71
69
61
47
391
124
120
117
69
52
43
24
496
393
79
43
155
142
52
31
26
2098
458
393
393
391
177
160
139
97
77
57
50
43
23
140
131
104
97
74
50
43
23
1530
1497
804
365
174
160
148
136
113
28
23
186
133
101
100
63
43
23
161
153
117
113
104
46
160
112
77
43
32
27
14
115
445
413
391
1774
1007
1007
654
496
410
393
391
280
250
50
50
43
1412
682
244
221
185
124
96
90
52
31
26
20
19
221
185
70
69
63
31
496
159
159
146
119
110
109
61
47
489
181
179
172
135
116
88
73
68
64
15
458
393
160
85
69
43
14
393
88
31
1641
708
682
655
496
489
393
89
445
228
222
124
89
526
393
68
43
16
1746
1024
416
145
119
75
71
69
31
696
663
653
186
124
123
101
90
69
63
52
31
26
1393
1390
186
166
133
123
100
100
100
90
63
43
31
27
26
458
458
116
1673
445
43
41
23
1412
393
391
161
161
153
117
113
84
84
46
46
1398
966
445
436
400
181
167
77
69
68
66
658
247
221
185
155
137
89
31
676
221
185
155
107
70
69
52
31
159
146
119
110
91
61
47
43
32
1717
845
496
489
159
146
119
109
91
88
69
61
47
43
458
458
393
170
160
43
27
819
458
445
427
391
161
159
153
104
84
46
46
496
180
110
49
43
31
22
399
95
86
458
458
43
31
391
221
24
168
135
92
68
1853
1745
1718
1685
851
849
818
734
696
525
496
445
397
185
159
146
110
109
99
91
61
47
393
160
117
76
69
52
43
24
654
235
88
68
43
16
526
68
43
1470
247
235
234
231
228
223
222
221
216
185
70
69
31
26
12
146
128
75
61
47
43
682
58
43
531
146
125
75
61
47
43
525
458
393
187
52
43
445
400
133
124
63
696
662
186
101
100
82
63
69
168
118
92
68
526
458
445
400
393
160
125
32
668
185
107
107
107
52
31
496
1272
393
391
173
162
43
679
157
154
496
400
393
391
160
117
43
14
235
221
185
78
52
31
26
445
179
68
43
136
85
80
1493
489
99
75
71
1493
846
526
509
445
399
185
159
140
128
125
119
110
109
107
91
75
61
47
43
32
31
393
188
182
171
165
151
69
43
30
1573
760
393
164
136
58
43
23
17
525
476
146
85
43
393
43
188
182
171
165
147
69
43
30
89
391
161
117
113
104
84
46
157
140
216
185
89
78
52
31
26
445
107
58
43
154
140
89
493
43
23
509
146
119
110
109
91
91
61
47
32
2148
1774
1468
496
393
391
141
117
43
28
27
14
153
117
113
104
84
46
393
173
139
79
23
496
458
400
397
393
185
117
31
1573
445
400
393
57
31
188
182
171
151
147
69
43
30
1470
682
123
90
63
445
181
179
121
68
67
48
16
167
68
176
682
458
458
445
397
111
104
90
411
393
188
182
165
151
147
69
43
30
445
181
116
92
68
64
43
15
393
177
79
525
400
85
43
229
181
179
124
73
68
43
1684
1653
1643
1621
526
445
393
458
411
393
173
139
102
90
79
69
525
507
458
400
399
103
43
41
2070
1095
181
167
68
43
413
146
114
49
43
32
22
1717
1095
489
235
172
124
99
92
73
68
66
64
60
16
393
188
171
165
151
147
69
43
30
1872
1095
966
489
124
68
66
43
27
445
393
21
676
670
155
124
123
108
107
90
69
52
31
26
1445
1443
458
458
436
133
107
101
100
63
129
85
43
393
182
171
165
151
147
85
69
43
30
458
393
43
30
866
602
907
489
32
1525
673
32
1502
1481
818
734
2397
561
531
483
461
445
433
396
242
489
476
457
346
2147
1514
1389
1277
670
510
221
185
509
489
457
489
2288
602
344
194
1927
510
509
489
475
445
425
509
489
853
1959
760
1901
1647
819
819
805
489
445
525
445
247
235
229
228
140
124
89
238
1832
1722
669
69
52
1413
666
247
235
234
223
222
221
142
124
89
70
69
31
680
667
393
247
239
235
228
222
218
95
662
445
222
217
124
1424
1401
228
221
89
69
1480
1468
242
240
235
228
247
235
231
223
222
185
89
70
31
231
227
223
221
124
1401
235
228
222
221
124
69
31
1413
1412
1401
526
247
246
245
244
243
242
241
236
235
233
232
229
228
226
225
1476
1446
1413
1412
445
247
246
245
244
243
242
241
236
235
233
232
229
228
226
224
220
1467
1466
1464
1445
1413
1401
526
375
247
246
245
244
243
242
241
236
235
233
232
229
228
225
224
216
237
228
1466
1456
1450
1441
1434
1430
1427
1413
1412
1401
375
247
246
245
244
243
242
241
236
235
233
232
229
227
226
225
224
221
216
2159
1413
1412
560
247
246
245
244
243
242
241
236
235
233
232
228
227
226
225
224
213
68
666
247
235
227
221
69
1413
682
445
247
234
223
222
221
124
70
52
26
1573
1413
393
247
246
245
244
243
242
241
236
235
233
229
228
227
226
225
224
1467
1465
1413
1401
672
666
247
246
245
244
243
242
241
236
235
232
229
228
226
225
224
247
235
231
228
222
221
216
213
124
89
69
52
31
26
1478
1467
1466
1465
1450
1447
1445
1443
1413
1412
672
375
247
246
245
244
243
242
241
237
236
234
233
232
229
228
226
225
224
221
216
213
107
69
63
31
26
1463
1446
1413
666
375
359
247
246
245
244
243
242
241
235
233
232
229
228
227
226
225
224
218
2353
1593
1390
1387
931
489
351
235
228
247
235
228
227
680
667
247
228
222
217
124
399
242
220
69
1466
1413
1412
247
246
245
244
243
242
236
235
233
232
229
228
227
226
225
224
107
31
1896
1573
1467
1466
1445
1413
1412
445
393
375
247
246
245
244
243
241
236
235
233
232
229
228
227
226
225
224
220
1413
247
246
245
244
242
241
236
235
233
232
229
228
226
225
224
1476
1468
1413
1412
393
247
246
245
243
242
241
236
235
233
232
229
228
227
226
225
224
185
1468
1467
1465
1450
1434
1413
1412
391
348
247
246
244
243
242
241
236
235
233
232
229
228
226
225
224
1468
1465
1413
247
245
244
243
242
241
236
235
233
232
229
228
227
226
225
224
220
1450
1413
496
393
246
245
244
243
242
241
236
235
233
232
229
228
227
226
225
224
221
216
69
1295
393
2074
257
254
1009
1007
1007
445
88
2040
254
489
259
255
254
253
259
252
1970
1497
510
509
252
1007
1007
257
254
2074
251
249
2049
253
252
2049
252
1007
1007
353
250
526
509
254
2015
1092
445
254
1746
851
713
525
445
393
292
2393
399
1637
448
408
304
304
304
304
304
288
284
272
269
10
1
448
408
305
304
304
304
304
304
288
272
10
2403
2390
510
448
408
304
304
304
304
304
288
285
284
272
271
269
10
2403
2390
509
448
408
304
304
304
304
304
288
285
272
270
269
10
2390
493
476
448
408
304
304
304
304
304
288
269
99
10
6
2394
1647
1637
525
1143
526
510
427
1637
360
900
476
446
440
366
354
291
2081
1928
544
509
104
990
962
696
393
855
200
2
1394
999
960
940
917
866
489
448
408
304
304
304
304
304
288
272
269
10
2390
1525
1126
682
489
448
408
304
304
304
304
304
288
272
269
10
733
733
489
448
408
304
304
304
304
304
285
272
269
10
1545
1394
999
999
999
992
975
975
975
964
955
950
939
931
893
887
341
333
277
446
440
366
354
278
713
525
266
69
1607
275
682
458
435
397
334
853
708
458
208
1679
713
1630
1573
851
713
1504
489
317
75
61
2371
789
708
471
2267
1717
758
1647
471
447
1527
1493
708
458
448
445
436
408
400
397
393
288
284
272
269
10
1638
866
448
445
408
304
304
304
304
304
288
272
269
10
10
509
821
818
814
776
762
373
292
1071
786
509
489
434
405
776
458
1615
1264
849
849
776
745
718
708
461
445
419
393
220
1643
1635
458
458
922
602
866
445
489
393
346
538
526
440
298
1525
864
602
489
445
319
69
1832
1525
864
696
602
509
489
318
2379
1573
344
2404
1722
329
1645
1548
342
326
325
323
1529
866
346
340
335
334
325
322
140
866
851
525
387
344
323
322
1742
1722
342
322
322
322
999
992
893
887
333
280
375
370
358
357
2404
321
321
321
355
346
334
334
334
63
531
464
331
331
331
254
992
932
893
338
327
237
434
391
346
340
330
323
225
1848
1746
1722
866
489
323
1653
1647
1641
1637
1635
1067
343
1390
992
848
515
327
1746
1722
1717
962
489
90
2404
2288
1717
346
334
323
1545
1394
999
999
999
975
955
950
931
887
338
289
280
237
326
322
322
322
696
101
63
2404
2288
2288
2288
2259
2160
1491
489
1722
393
346
340
334
323
1445
434
340
334
323
2356
1176
1099
364
228
2364
1645
471
237
2317
1891
489
355
1009
1007
1007
261
2288
569
541
446
440
366
291
278
2288
1722
489
476
242
489
425
375
375
370
358
242
235
228
226
425
375
375
370
357
247
242
235
228
226
1540
1525
1470
427
244
236
1615
1587
1481
1467
1445
1424
1412
1005
814
762
734
696
445
373
277
228
1397
526
372
362
372
445
244
235
228
348
2374
228
624
541
446
440
393
354
291
278
146
471
471
451
489
346
322
375
375
358
357
235
393
1525
1523
2159
1481
1464
818
814
776
762
734
307
292
708
400
489
433
425
370
358
357
235
228
226
489
68
1926
624
458
393
186
1635
1573
525
471
445
384
383
383
1097
489
322
334
218
1675
713
383
509
218
31
1450
384
378
227
216
56
696
525
393
391
383
383
378
216
69
56
1509
489
445
400
218
1587
1571
851
787
483
472
471
464
433
419
396
310
290
196
69
1717
1587
816
713
525
445
325
292
277
1815
521
518
512
494
471
451
451
451
451
418
392
236
960
475
445
434
346
277
1467
1465
1443
1434
1417
1412
819
808
805
781
496
400
393
117
76
76
24
14
521
518
512
494
490
471
451
451
451
451
418
388
6
2392
2312
2218
2194
2098
1870
1832
1732
1717
708
485
458
445
411
410
400
397
277
177
139
79
77
427
146
47
536
445
427
75
61
32
849
833
827
827
761
749
718
509
489
483
472
464
461
461
444
435
433
425
419
399
386
310
290
254
1746
1717
1663
984
841
624
623
531
525
485
464
458
435
416
410
399
393
277
2364
1897
1764
1717
1664
890
760
515
515
515
515
497
477
471
441
423
119
2393
1311
856
525
496
458
445
416
410
400
397
277
0
2312
1509
1498
1497
885
525
458
445
416
410
399
393
277
1722
1587
807
713
525
445
406
400
399
277
254
1684
530
513
1525
534
501
467
426
420
146
128
88
32
445
400
2107
1717
697
525
445
401
400
399
1815
1718
71
708
448
304
304
304
304
304
288
272
269
10
570
540
538
536
505
449
440
432
129
89
75
49
47
43
1717
708
668
525
485
458
416
397
393
277
2098
738
465
393
277
1464
496
160
1864
393
391
63
14
521
471
451
417
57
1468
1445
1408
538
536
505
440
75
47
1717
525
496
458
410
400
397
277
1922
521
518
512
494
471
451
451
451
451
418
392
388
2325
1746
1673
521
518
512
494
471
451
451
451
451
392
388
6
849
761
718
509
489
483
472
464
461
445
444
435
434
433
396
386
310
290
1525
534
501
467
426
403
146
88
75
47
32
277
1641
1498
515
477
424
423
423
423
1641
515
515
515
515
477
441
424
422
515
477
477
477
423
423
423
422
982
510
509
496
489
476
475
457
445
434
406
405
396
277
140
1525
536
534
501
467
420
403
88
75
61
47
32
1525
544
536
493
481
449
359
359
236
32
1525
460
427
32
1493
1467
1445
648
536
75
61
47
708
561
531
531
464
444
433
397
290
277
770
714
572
540
538
536
505
449
440
409
207
61
47
43
1832
1647
1587
708
531
509
489
483
472
471
464
461
458
444
435
419
396
386
290
196
1860
510
509
489
475
457
425
405
399
346
334
277
1587
984
841
525
511
509
489
464
458
433
419
397
397
396
277
1663
1498
515
459
451
304
1897
1658
733
682
277
43
501
425
602
541
540
538
536
505
449
446
432
415
409
366
354
291
278
83
515
515
515
515
477
423
136
61
43
522
427
394
146
481
460
428
427
394
146
47
531
484
464
430
419
290
2395
2344
1832
1767
1717
1615
1497
1170
851
826
772
525
458
410
400
399
393
292
277
196
624
440
366
354
291
278
146
83
47
247
1646
1645
1636
1587
408
304
304
304
304
304
288
272
271
269
10
619
540
538
536
505
440
432
415
409
136
75
61
32
476
277
1922
1918
1840
1831
1815
1749
1647
521
518
515
512
494
471
436
418
417
392
388
299
458
411
708
509
489
472
471
464
435
433
419
396
277
530
513
496
427
277
2348
1330
628
623
602
510
509
489
475
434
425
405
372
277
2322
482
397
2330
1498
733
436
436
436
522
442
428
427
394
75
61
47
2387
2351
849
833
832
827
827
797
794
761
749
531
483
472
433
396
290
119
962
561
531
461
397
290
140
849
761
708
561
472
310
290
247
196
1832
1717
1155
984
531
509
489
484
483
472
444
435
433
419
397
396
386
332
310
290
196
411
393
1902
533
1525
536
534
501
426
420
403
180
88
75
61
47
32
544
481
473
31
2390
536
434
283
1922
1840
1832
1831
1815
1749
1717
1281
1110
789
521
518
512
497
494
451
451
451
451
445
433
418
397
393
392
388
386
367
827
827
761
749
483
461
461
419
396
290
1467
469
136
68
1722
1308
742
623
562
510
509
489
476
476
476
476
476
457
445
434
425
405
277
2288
1466
1310
1308
1247
1071
742
623
562
526
493
489
475
277
75
47
32
1774
1621
1549
648
515
515
515
515
441
436
424
423
247
136
43
1573
544
391
247
1493
180
146
129
88
47
32
2354
544
510
427
395
75
496
488
479
464
458
458
391
43
2351
1571
827
827
761
749
461
461
396
290
708
531
464
444
430
290
1509
793
708
458
410
397
393
393
391
1673
1635
1583
1498
956
1805
1717
1530
619
481
1825
1717
1654
1341
1330
708
510
509
475
464
457
445
435
434
433
425
419
405
396
339
277
518
471
451
392
2328
63
6
624
189
93
2288
1722
1310
784
602
526
476
277
75
1922
1840
789
521
518
512
471
451
451
451
451
418
397
392
388
299
146
47
41
21
995
782
458
1717
1653
1641
1621
1513
1498
1497
890
471
445
393
3
708
533
499
466
1958
708
498
516
534
467
426
420
403
960
624
526
493
489
476
405
277
2316
2175
713
277
1717
1587
922
521
518
512
494
471
451
451
451
451
418
392
388
6
770
540
538
536
449
440
432
415
409
272
75
47
32
432
207
2098
393
1922
1832
1587
769
521
518
512
494
471
451
451
451
451
418
392
388
1851
714
538
510
489
475
464
457
435
434
433
425
419
405
396
277
1896
1860
1722
1326
1316
1264
1261
1211
1179
509
489
475
457
434
427
425
405
277
254
841
435
397
1922
1653
1587
521
518
494
471
451
451
451
451
418
397
392
388
1685
1637
530
1504
619
536
391
146
136
88
75
47
32
1651
1636
1498
890
760
477
451
441
436
423
422
2359
2341
1748
500
489
2374
932
496
160
71
1753
1281
1101
521
512
494
490
471
451
451
451
451
418
393
392
388
367
299
58
43
445
419
396
1840
1831
1498
518
512
494
471
451
451
451
451
418
392
388
442
427
1722
933
622
510
509
493
493
493
493
493
489
475
457
445
434
425
405
277
395
277
2229
1717
1497
993
851
713
458
445
416
410
400
399
397
277
266
196
2288
1653
1641
1621
1310
624
623
493
476
277
136
2349
2159
2109
1684
1653
1641
1583
471
445
400
1960
1525
624
526
510
509
493
489
476
475
457
434
425
405
400
325
277
739
79
57
1637
513
402
1832
1155
984
561
464
433
430
397
290
1498
459
436
436
436
466
146
129
88
1525
501
467
426
420
403
58
47
2155
1498
513
1510
836
623
544
540
538
514
505
449
440
432
429
415
409
228
221
136
126
89
75
69
31
526
525
465
458
445
411
400
770
748
714
540
536
509
505
449
440
432
415
409
69
49
47
1888
1814
1587
1197
575
538
536
505
449
440
432
409
136
61
49
43
624
608
602
596
584
583
581
555
624
568
555
526
624
568
2081
1928
1445
536
510
493
481
476
427
279
75
555
546
526
641
624
568
555
547
545
624
623
622
569
568
546
624
598
569
549
624
597
569
548
2098
648
623
393
624
569
638
634
624
624
622
605
591
568
559
557
555
553
545
639
631
624
601
596
588
586
578
568
559
557
555
554
552
542
624
569
558
553
625
624
611
609
602
595
589
582
569
559
557
556
553
552
542
541
625
611
609
602
595
582
568
555
542
627
624
568
559
558
555
553
552
547
545
526
624
606
600
593
579
569
568
557
554
548
637
630
628
626
624
621
608
596
581
578
568
557
555
553
552
547
546
545
493
1407
845
620
229
88
68
2397
624
623
619
531
464
461
433
430
397
396
196
1308
742
648
623
622
476
476
476
476
476
475
624
569
568
445
639
596
568
566
553
526
624
596
568
566
564
553
596
589
568
564
553
526
615
569
648
624
622
569
1478
1460
648
624
624
624
623
596
568
1412
575
573
540
409
68
648
575
573
540
244
68
1412
432
68
575
570
449
544
235
1412
573
571
570
540
409
244
68
624
623
590
526
639
631
601
596
588
586
580
553
624
606
600
593
569
558
648
624
622
585
568
555
553
526
637
630
628
626
624
624
621
613
608
602
601
596
590
589
588
584
583
582
569
559
555
546
541
628
625
624
611
609
608
602
601
596
595
590
589
588
581
556
555
624
622
608
602
596
584
581
568
555
541
624
608
602
596
583
581
569
541
624
586
580
569
568
553
639
631
624
622
601
596
588
578
569
553
624
569
568
526
639
631
628
624
608
602
601
596
590
589
586
582
581
578
569
568
553
628
608
602
601
596
594
590
588
582
581
569
568
555
553
546
526
489
628
608
602
601
596
589
588
582
581
577
526
638
634
624
605
568
552
526
489
1095
645
606
604
603
600
598
593
569
568
558
554
647
645
624
607
606
603
600
599
598
592
579
569
568
558
624
595
589
555
526
625
611
609
602
582
568
556
555
639
631
628
608
602
601
590
589
588
586
584
583
582
581
578
569
568
566
564
553
541
526
624
569
549
645
624
603
593
592
569
548
493
624
607
603
593
558
624
622
606
604
603
593
592
579
569
558
554
639
631
628
624
622
608
602
596
590
589
588
586
582
581
578
569
568
553
1086
628
625
624
623
622
617
611
609
608
601
596
595
590
589
588
584
583
582
581
556
555
541
541
457
445
400
397
393
31
645
624
607
606
604
600
598
593
592
569
558
554
624
606
603
600
592
569
558
554
638
634
624
623
591
589
569
568
552
604
603
600
593
592
579
569
558
554
647
645
624
610
603
599
593
569
558
554
476
475
640
628
624
602
601
596
590
589
588
584
583
582
581
559
555
546
541
541
625
624
622
611
602
595
582
569
556
555
645
624
607
554
625
624
609
602
595
582
569
556
555
546
542
623
624
624
608
602
581
569
559
555
546
624
623
547
526
624
608
602
581
569
568
559
555
546
624
615
569
568
526
625
624
602
569
555
624
622
617
569
568
555
555
514
496
488
458
449
391
1434
1417
1407
1403
560
68
637
630
626
624
581
568
559
526
1412
648
568
434
648
624
569
568
397
1573
648
647
645
644
643
623
608
603
602
599
596
593
592
591
569
568
558
555
552
542
541
489
397
624
617
611
609
602
595
582
556
555
637
630
624
623
621
602
581
559
555
624
623
569
568
557
526
633
629
624
624
623
608
602
601
596
590
589
588
582
581
569
568
559
526
489
457
633
628
624
569
637
626
624
621
581
568
559
526
639
624
623
622
601
596
588
586
578
568
553
526
624
623
569
568
629
628
624
638
624
622
605
591
552
542
642
624
568
630
626
624
621
581
559
526
634
624
605
591
569
552
631
624
601
596
588
586
578
553
526
624
623
608
624
623
622
568
546
635
624
569
624
569
646
624
569
458
624
610
607
603
598
593
592
569
644
624
622
569
568
2288
624
607
593
569
568
1684
1478
1476
1467
1467
1465
1460
1459
1458
1457
1446
1443
1440
1434
1412
1412
624
623
622
397
391
228
76
75
659
772
682
666
1392
680
667
239
124
90
2145
736
673
393
393
185
107
63
235
12
146
63
393
676
670
661
659
221
107
107
682
235
107
89
31
445
235
228
31
657
667
140
12
1615
1005
811
788
722
713
700
695
666
405
659
222
221
668
393
239
235
228
222
89
31
26
682
650
445
244
185
90
69
1392
975
932
930
680
670
663
662
651
239
217
107
12
682
673
670
663
185
107
31
1445
221
1645
682
681
673
668
657
654
107
107
90
52
12
235
226
218
216
124
69
43
696
676
670
668
185
235
471
673
668
661
657
397
221
155
31
668
663
679
659
52
27
683
678
31
1765
1392
932
667
659
651
239
90
670
670
670
668
663
445
107
679
678
476
1523
736
730
1272
393
355
107
1544
687
1544
686
2119
1498
393
433
290
1498
1143
878
2316
2246
1903
1484
525
445
2398
1493
708
405
2281
1005
820
811
788
722
700
663
525
1630
1615
1610
889
818
814
776
734
718
713
708
445
436
1654
1621
932
733
3
962
788
713
695
525
334
682
2254
786
1654
1643
802
765
509
489
1532
714
61
1647
819
815
808
805
771
729
723
711
391
2181
881
731
714
704
830
525
445
2147
1717
1684
1663
1653
1647
1641
1621
1530
1525
1509
918
818
814
793
776
734
721
718
713
489
485
464
458
445
419
400
393
391
1646
1505
932
708
1
1530
819
806
751
723
705
153
719
526
344
2268
2158
2157
2157
2115
1679
1676
1662
1659
1630
1580
1565
1559
822
818
814
807
776
734
718
708
525
381
509
496
393
2387
2351
833
832
827
797
794
761
749
718
461
1684
1661
1654
1653
814
776
2135
735
712
2330
2104
1647
829
819
808
805
774
751
729
723
705
1653
1641
760
708
699
2281
820
788
695
808
805
803
757
729
720
711
705
393
391
76
489
2286
2249
2207
2196
1539
2296
2148
933
708
2165
819
815
808
806
805
781
723
711
413
391
489
445
457
1548
788
1654
1621
235
2131
1502
1481
1464
818
814
776
718
713
708
373
235
195
2135
1532
1506
1500
1488
1487
719
526
344
2145
1401
684
489
445
2259
2135
866
526
465
411
393
393
77
1521
2135
1504
648
573
536
247
61
1525
496
489
2359
1525
1308
744
562
510
509
476
476
476
476
476
475
75
43
1525
479
458
2220
1540
742
849
833
832
827
795
794
761
749
718
718
483
461
419
310
1641
1639
1627
890
2316
854
772
750
714
540
538
536
489
2351
1551
938
833
832
827
814
797
794
761
715
461
396
2316
1540
1525
1484
1470
1397
854
772
747
489
829
819
808
806
805
803
781
779
774
766
757
729
723
720
711
391
1631
1624
1615
826
1143
1089
673
489
1369
682
445
526
323
819
808
805
803
781
766
751
729
723
720
391
2267
1525
400
399
2273
1684
1654
978
890
1571
833
832
827
827
797
794
749
715
708
525
483
471
461
461
419
396
1481
1467
1464
1445
818
814
776
734
623
373
307
672
696
461
386
2159
1149
802
703
526
405
808
803
781
757
751
723
391
1587
713
991
866
476
494
1722
1525
538
505
489
432
1647
1637
1492
819
808
806
805
781
729
723
711
705
405
1
2316
1540
1507
854
750
747
525
445
400
1535
808
751
720
14
1960
1891
839
810
526
489
69
2159
1502
1436
821
818
814
762
734
718
717
713
708
696
458
373
307
489
304
960
808
779
711
509
63
808
778
711
489
391
1637
819
808
805
766
757
751
729
723
711
708
391
845
696
496
496
496
1509
509
496
1484
1143
694
526
493
2119
2102
509
1848
702
434
318
1155
795
531
461
433
386
2281
1467
820
722
700
695
1646
518
512
494
471
392
388
2119
1544
818
791
776
734
2119
1544
790
776
2267
399
304
300
1653
1559
708
526
489
2387
2351
938
935
833
832
827
797
776
761
749
745
718
715
461
827
787
749
708
697
561
531
461
433
331
196
818
713
1551
833
832
827
794
761
749
715
483
461
834
809
476
1624
713
2380
1492
708
510
489
1643
765
703
391
14
1647
819
808
781
781
766
757
751
723
391
1653
1629
1627
1530
890
866
713
365
81
994
819
808
781
781
723
720
708
515
391
391
808
723
711
391
1659
1583
713
829
819
805
803
781
774
766
751
729
723
720
711
705
405
391
391
1643
834
1960
1891
839
775
489
405
1005
788
722
700
695
663
445
220
1727
411
393
2159
818
776
762
734
718
713
708
373
307
808
805
729
723
705
993
851
713
401
848
489
476
445
1481
972
910
814
776
734
718
713
708
458
307
292
159
994
808
805
781
729
723
720
708
393
391
210
76
2281
788
722
695
818
814
776
734
1659
713
704
526
405
458
2259
2215
2135
811
742
405
445
445
445
1571
849
833
832
797
794
776
761
749
715
472
461
1635
1583
819
808
774
751
723
720
1525
792
707
406
2
1543
708
436
2387
2351
1551
935
833
827
814
797
794
761
749
718
718
715
461
832
827
827
797
794
761
749
718
715
461
461
396
809
3
696
496
393
150
1510
536
75
708
818
814
776
734
373
307
1960
1891
1587
810
775
525
489
445
489
435
397
818
734
847
962
845
843
461
458
393
310
1572
1177
1141
932
848
1497
993
525
525
445
400
266
1602
1191
979
458
295
2316
1540
1525
1509
877
772
750
747
510
489
476
2393
866
399
713
708
433
119
855
2330
1660
1648
1647
1638
1628
1527
1509
708
393
2397
827
795
749
561
531
464
331
196
1509
708
411
1525
1509
1493
489
322
602
489
602
319
786
476
1509
1498
713
708
696
315
2288
2288
2288
2254
526
69
2330
1645
733
451
392
1780
1647
1637
1527
1498
866
866
866
866
866
1653
1641
1611
876
713
526
1832
1126
965
1653
1641
871
1492
825
691
526
525
306
731
682
1637
1002
983
952
489
990
990
915
489
1002
322
400
1000
960
928
926
911
896
1545
1394
999
999
999
975
955
950
931
893
341
289
237
1713
1390
982
936
895
895
895
962
696
696
280
1002
983
933
930
882
997
510
308
1549
992
932
333
280
237
997
984
933
982
1000
928
926
911
886
183
181
68
48
1653
411
405
493
90
2049
982
895
862
696
1247
933
682
445
2384
969
682
1621
969
962
733
930
929
682
668
526
445
405
916
1641
1636
1565
922
682
405
2074
919
895
818
814
1000
928
926
896
886
883
489
1573
933
930
489
1573
848
682
496
489
1330
1036
957
509
475
1621
1370
1269
991
998
960
940
682
489
1653
1641
1636
1020
1012
771
526
909
2033
2016
2015
2014
2013
2004
1983
1262
921
2033
2016
2015
2014
2013
2004
1983
1262
920
1653
1641
1611
1559
1346
1170
1082
972
933
916
962
933
929
2291
960
940
932
930
405
283
960
1444
1000
928
911
896
886
1573
1110
996
933
874
489
1000
926
911
896
886
1002
933
923
882
489
1593
1545
1394
999
999
999
992
975
955
950
932
893
887
341
333
289
237
235
1645
1621
999
680
1573
1455
1002
929
902
849
833
832
827
827
797
761
749
749
483
461
461
396
849
833
832
827
794
718
715
461
1057
1003
945
942
2351
849
827
827
761
749
718
483
461
461
1394
1016
999
975
975
975
964
960
932
289
1504
1492
998
960
930
682
405
283
1628
1154
1153
1152
1151
1079
1043
902
445
280
1003
945
937
696
2344
1545
1394
999
999
999
975
955
950
932
931
887
341
289
2107
1003
942
937
1573
1478
975
515
1234
489
489
405
247
1646
1545
1394
999
999
999
975
955
950
931
887
341
289
1545
1394
999
999
999
975
955
931
887
682
341
289
1002
933
882
730
1545
1394
1390
999
999
999
992
975
950
931
893
887
341
338
333
327
289
280
496
1007
915
493
916
696
2344
1007
1002
975
967
962
961
940
917
682
668
526
405
344
998
967
960
682
489
283
1574
1002
993
978
967
960
929
910
851
849
848
818
814
280
266
14
682
437
1573
999
975
975
975
955
939
923
341
289
1466
1421
874
525
489
458
445
405
400
1095
183
106
68
66
11
1573
1143
1002
998
961
960
960
960
960
940
917
283
1646
1150
999
932
930
2384
904
903
2384
1684
1654
1621
1572
971
969
904
760
1654
1621
922
2323
1369
1364
932
922
1594
1549
670
471
2344
1545
1394
999
999
999
964
960
955
950
939
932
931
887
482
458
341
289
992
464
327
1177
1176
1164
1064
1673
990
760
445
75
3
1602
1191
2288
2060
883
682
525
393
6
2159
1456
919
909
489
240
1467
1412
1334
1257
1184
901
895
405
23
1002
882
63
1155
1002
464
435
2384
1645
1621
971
969
922
903
733
1393
1387
90
962
954
789
786
682
489
445
2330
1647
1108
1007
978
962
848
445
374
1654
1370
1269
916
489
1645
999
932
931
893
682
393
333
327
851
816
525
525
340
266
819
805
708
445
496
325
1022
895
489
894
967
961
960
940
917
489
1545
1501
1394
975
955
950
932
931
887
341
289
283
237
928
926
911
896
886
1393
489
480
1684
984
983
952
882
1009
1008
1006
1481
1465
1445
1018
811
788
722
714
713
700
696
695
663
509
489
445
1391
445
445
399
353
250
2373
445
1470
1007
235
228
1653
1641
1020
1012
918
771
526
1401
1016
972
922
69
63
2159
1653
1641
1020
1010
918
771
496
391
1009
651
1424
1009
673
1583
1576
1574
682
445
1016
1008
1005
1008
1005
221
31
1007
673
190
1653
1641
1573
1012
918
771
526
1110
1067
1062
1860
1314
1190
1023
895
525
334
1089
1033
1022
696
391
254
2066
1476
1269
1190
1095
1089
1073
1064
895
1717
471
1168
1071
489
1598
1176
1170
1130
1089
1077
1066
1029
348
1119
445
393
173
1166
1080
1197
1183
1046
1028
399
203
1191
1094
1083
1036
1189
1160
1137
1131
1117
1111
1110
1110
1096
1072
1053
489
2047
1746
1467
1177
1176
1174
1064
489
400
972
1028
1048
975
489
1269
1165
1163
1154
1153
1152
1151
1128
941
707
348
1196
1056
2057
1165
1164
1081
1024
2008
1525
1197
697
489
445
2049
1216
1092
1170
1040
848
489
1201
1092
489
364
348
2046
1158
1092
1085
849
419
411
1166
1165
1105
1102
1094
489
1127
1093
451
1189
1160
1137
1131
1117
1111
1110
1110
1096
1072
1034
1108
1070
493
489
2013
1412
1185
1178
1128
1062
1061
392
1832
1196
1191
1172
1143
489
434
139
1641
1197
1104
937
509
489
393
1121
489
1156
951
682
489
1185
1128
1055
393
1178
1055
1023
1021
1609
1075
1074
667
1523
1465
1412
1330
1190
1176
1155
1095
1089
1073
1024
280
1331
1328
1206
1201
1143
12
1170
936
1412
1021
489
2330
1716
1108
1054
509
489
400
1197
1028
668
526
476
308
1189
1160
1137
1131
1117
1111
1110
1110
1110
1096
1053
1034
2046
1443
1350
1213
1190
1175
1095
1089
1064
1024
489
90
2288
1206
1201
1075
489
1084
1074
902
1722
960
254
1130
1079
1078
496
489
1173
1089
1079
1077
1176
1151
1078
1077
1064
941
2390
1166
1031
304
1114
1045
1024
489
239
1143
922
902
489
1191
1094
1033
1097
1092
1075
988
602
489
1158
1050
1028
708
1194
1144
2062
1176
1141
2046
1598
1190
1176
1095
1073
1064
1024
2288
489
2316
1491
1484
666
489
372
2
1082
1049
972
489
416
1149
1191
1166
1165
1105
1102
1083
1051
1045
1033
1190
1175
1089
1073
1064
1024
592
183
181
179
135
88
68
66
2288
1189
1160
1131
1117
1111
1110
1110
1523
1302
1201
489
1155
962
1170
348
849
708
1658
1203
1136
1860
1165
1105
1094
1051
1193
2330
1573
1525
1057
972
922
682
531
430
396
393
1166
1110
1102
1094
1051
1218
1166
1165
1114
2029
1070
1054
990
982
2040
1328
1316
1189
1160
1156
1137
1131
1117
1111
1096
1072
1053
1034
445
393
364
254
1189
1160
1137
1131
1117
1110
1110
1110
1096
1072
1053
1034
393
1166
1165
1163
1106
1081
1028
1116
682
154
1115
1115
1115
1189
1160
1137
1131
1111
1110
1110
1096
1072
1053
1034
63
1162
1029
489
1843
1084
1058
489
1191
1056
489
434
1183
909
1130
972
1385
1075
983
902
895
866
1717
1052
922
1185
1055
922
489
471
2
1074
1063
960
1598
1412
1077
1028
1111
1110
1110
1096
489
1598
1717
1110
348
68
480
1123
509
489
1203
1101
1189
1160
1131
1117
1111
1110
1110
1096
1072
1053
1034
1125
489
393
1170
1071
982
2062
1598
1525
1177
1176
1087
69
1185
1178
1062
1525
1194
1143
1086
1086
1086
1168
982
960
364
526
348
1127
1093
2321
968
515
1154
1153
1152
1079
1073
1043
941
437
1628
1154
1153
1151
1043
941
348
1154
1152
1151
1043
941
348
1443
1153
1152
1151
1043
941
348
90
1098
1064
984
902
787
464
430
397
2033
2015
2014
2013
254
61
2113
1344
903
1927
1085
1050
205
393
255
1189
1137
1131
1117
1111
1110
1110
1096
1072
1053
1034
1177
1176
1141
972
922
902
1029
1028
2057
1269
1166
1165
1164
1114
1045
1042
2057
1204
1192
1190
1180
1166
1165
1163
1114
1081
1045
602
510
476
436
393
254
2057
1180
1166
1164
1163
1114
1045
2057
1165
1164
1163
1114
436
1145
982
623
902
882
489
1493
1197
1099
1066
464
2023
1177
1176
525
1412
1188
1175
1174
1173
1089
509
489
1188
1176
1175
1174
1172
536
489
364
1188
1177
1175
1173
1172
1167
1064
364
1188
1174
1173
1172
1095
972
922
252
1177
1095
1089
1087
1064
1036
760
2074
2066
2063
2049
2046
2028
1176
1141
1087
489
1301
1185
1142
1141
1127
1062
1055
1036
489
510
509
489
445
425
1166
1165
1081
602
1097
1092
489
1865
1840
1717
1123
1104
1057
489
1195
1089
982
982
982
895
489
1178
1062
1061
1055
1071
1036
1175
1174
1173
1172
1316
1160
1137
1131
1117
1111
1110
1110
1110
1096
1072
1053
1034
393
1412
1176
1164
1143
1095
1089
1073
1064
1024
1602
1094
1084
1083
1056
1033
2057
1190
1166
1165
1164
1130
1064
967
960
348
1086
1086
1086
1369
1184
996
445
1044
434
393
1525
1099
1057
509
489
1594
973
1264
960
682
1282
1097
1074
602
445
1647
1221
1028
776
1166
1164
1081
489
471
433
393
1074
1065
1022
489
1301
1229
1340
1330
1264
1229
982
393
1372
1351
1624
405
1373
1350
1340
1330
1326
1316
1314
1299
1296
1283
1264
1261
1259
1237
510
489
393
1330
1322
1256
927
1360
1356
1350
1350
1350
1333
1278
1264
1258
1250
1232
1073
1381
1375
1375
1375
1317
1316
489
405
1358
1331
1330
602
489
1276
1385
1350
1340
1299
1264
1234
1231
1208
1007
489
1363
1342
1328
1328
1328
1303
1293
1244
1223
489
1229
814
776
1381
1334
1363
1352
1342
1331
1330
1328
1328
1328
1316
1303
1293
1244
1219
405
1376
1351
1330
1326
1320
1316
1264
1255
1253
1228
1227
489
1264
1344
1330
1257
1234
933
930
1376
1320
1255
1253
1228
1224
489
1376
1351
1320
1316
1313
1264
1255
1253
1227
1224
489
1318
1239
1234
602
1366
1346
960
489
1345
509
458
1360
1356
1350
1350
1350
1333
1330
1299
1278
1258
1250
1213
1002
489
405
1385
1364
1257
1247
1358
1358
1358
1337
1291
1270
2288
1264
1211
1211
1716
1382
1331
1234
1229
602
489
2
1353
1348
1348
1348
1239
393
1328
1282
526
489
323
1348
1344
1330
1363
1352
1351
1342
1330
1328
1328
1328
1316
1303
1293
1261
1223
1219
1143
1353
1334
1247
1226
1002
1348
1329
1329
1329
1329
1329
1319
1312
1274
1251
393
1467
1379
476
475
445
1385
1318
1310
1249
489
1318
489
1360
1356
1350
1350
1350
1333
1310
1278
1258
1232
1213
1348
1329
1329
1329
1329
1329
1319
1312
1274
1246
393
1316
1261
1376
1351
1331
1330
1320
1316
1281
1261
1255
1228
1227
1224
1385
1385
1385
1385
1376
1330
1320
1313
1281
1264
1253
1228
1227
1224
489
1322
1212
927
1385
1330
1238
1234
982
445
1373
1360
1356
1350
1350
1350
1333
1278
1250
1232
1213
1340
1299
1264
1211
1286
1247
1352
1328
1326
1316
1272
1264
1211
510
509
476
475
2033
2016
2015
2014
2013
1983
1574
921
920
509
254
1264
755
445
1373
1350
1340
1333
1330
1316
1300
1299
1296
1261
1250
1213
1211
1208
1374
1358
1338
895
509
400
1364
1354
1332
1290
1330
1314
2399
1832
1717
846
1370
1165
1163
1071
1042
1024
991
916
405
1
1358
1358
1358
1337
1291
1261
1236
1229
489
1331
1331
1331
1324
1284
1239
515
1363
1352
1334
1330
1328
1316
1316
1316
1261
510
476
1330
1329
1329
1329
1329
1329
1319
1312
1251
1246
489
393
1573
1380
1347
1331
1271
1277
1217
393
1334
1264
1229
1891
1360
1356
1350
1350
1350
1333
1258
1250
1232
1213
476
1574
400
1344
1330
1255
667
494
451
1241
1373
1373
1373
1314
1253
1216
1211
493
344
1412
1335
1331
1331
1331
1324
1316
1298
1272
1271
708
1310
1208
2074
2046
1373
1314
1299
1264
1208
1087
1036
1352
1316
1245
489
1354
1332
1266
1358
1358
1358
1338
1337
1270
1261
1236
400
1351
1331
1314
1363
1342
1340
1328
1328
1328
1303
1244
1223
1219
405
1301
1264
1255
1086
489
2009
1350
1344
1321
1299
1264
1211
1208
848
1346
409
400
174
57
17
1863
1350
1296
1264
1261
1259
1373
1350
1299
1264
1302
471
393
2021
1097
1363
1342
1328
1328
1328
1293
1244
1223
1219
1645
1305
400
1304
1344
1334
1385
1310
1308
1330
1310
1307
1277
1247
742
562
476
476
476
476
476
475
489
2288
1525
1505
1375
1350
1341
1330
1326
1316
1308
1307
1299
1296
1264
1261
1247
1242
510
489
475
2393
856
399
0
1348
1329
1329
1329
1329
1329
1319
1274
1251
1246
393
1255
1255
1255
1253
1228
1227
1224
1384
1335
1315
1186
425
254
1384
1314
1314
1314
1314
1281
602
1363
1352
1350
1334
1330
1328
1326
1314
1288
1272
1264
1261
1211
510
1381
1375
1375
1375
1330
1316
1261
1214
489
405
489
1329
1329
1329
1329
1329
1312
1274
1251
1246
393
1376
1316
1264
1255
1253
1228
1227
1224
1208
1361
1350
1296
1264
445
393
1746
1314
1263
489
1368
1368
1368
1382
1331
1331
1331
1328
1284
1271
1247
405
1348
1330
1316
1261
1211
602
510
405
2047
1363
1352
1342
1331
1330
1316
1303
1293
1272
1264
1244
1223
1219
1065
1348
1319
1312
1274
1264
1251
1246
1208
1344
1328
1326
1316
1281
1264
1261
1243
393
1334
1328
1324
1316
1298
1284
1281
1271
1261
515
509
1354
1290
1266
489
1360
1356
1350
1350
1350
1299
1296
1278
1258
1250
1232
1213
1073
510
1330
1326
1316
1245
509
489
400
1330
1281
1573
2159
1358
1358
1358
1338
1291
1270
1265
1236
400
1374
1358
1331
1265
509
1074
1071
308
1722
1351
1299
1264
425
496
489
1363
1330
1328
1328
1328
1303
1293
1244
1223
1219
2076
489
471
252
2330
1330
1316
1281
1238
895
509
471
1263
1231
972
489
1298
902
666
399
391
1380
1331
1275
1373
1329
1326
1316
1261
1240
1211
393
393
1381
1381
1381
1375
489
400
1373
1360
1356
1333
1330
1299
1296
1278
1258
1250
1232
1213
1211
400
1372
1330
1326
1316
1314
1281
1264
1261
1209
510
509
1344
1330
1328
1316
1316
1316
1272
1261
1381
1340
1316
1266
1261
1247
1245
1239
1208
218
1332
1290
1266
1247
1298
489
1360
1350
1350
1350
1333
1278
1258
1250
1232
1213
1330
1374
1338
1337
1330
1291
1270
1265
1261
1247
1236
489
1356
1350
1350
1350
1333
1278
1258
1250
1232
1213
1385
1350
1300
1299
1264
1208
515
1351
1342
1328
1328
1328
1316
1303
1293
1272
1261
1244
1223
1219
434
1573
1369
750
682
2074
1323
489
1573
1269
991
916
471
405
1379
1277
1064
1351
1316
1209
1326
1300
1283
1264
1259
1211
1358
1338
1330
1265
1261
400
393
1381
1334
1330
1317
1316
1214
405
1320
1255
1253
1228
1227
1224
1350
1333
1331
1264
445
1331
1247
1002
962
933
1371
1247
1234
668
416
1347
1331
1275
1375
1349
1334
1331
1247
489
1369
1238
1047
489
1331
1315
1314
1314
1314
1314
1255
1254
1247
348
124
1401
1387
1746
1395
1391
1390
680
475
200
1391
1387
662
101
1455
1390
1387
680
667
651
2010
1974
1498
1036
915
776
489
124
90
63
1545
999
999
999
975
955
950
931
893
887
341
289
1387
1573
1465
1449
1443
1439
1434
1430
1411
1398
1470
1462
750
489
362
226
1478
1476
1467
1466
1465
1465
1465
1465
1461
1460
1459
1458
1457
1449
1446
1445
1444
1443
1442
1439
1434
1428
1416
1412
1411
1410
1404
1396
560
1467
1465
1407
1479
1467
1465
1457
1447
1446
1440
1435
1434
1434
1434
1433
1430
1423
1420
1418
1417
1414
1412
1407
1403
245
235
233
228
226
1468
1466
1465
1455
1450
1413
1412
245
243
236
235
233
228
226
220
1480
1468
1467
1466
1466
1466
1462
1452
1441
1436
1430
1425
1421
1418
1412
1409
1573
1479
1478
1476
1475
1472
1471
1467
1466
1465
1465
1465
1465
1465
1461
1460
1459
1458
1457
1449
1448
1446
1445
1444
1443
1442
1440
1439
1436
1435
1434
1434
1434
1433
1430
1428
1423
1417
1416
1414
1412
1411
1407
1404
1400
1398
235
31
1478
1476
1467
1466
1465
1465
1465
1465
1461
1460
1459
1458
1457
1449
1446
1445
1444
1443
1442
1439
1439
1434
1430
1428
1417
1416
1412
1411
1410
1398
445
1467
1466
1464
1462
1460
1449
1445
1439
1434
1430
1425
1421
1412
1406
233
228
1467
1466
1465
1465
1449
1445
1444
1430
1412
1405
1401
235
228
1479
1467
1465
1457
1446
1445
1440
1435
1434
1434
1434
1433
1430
1423
1417
1413
1406
1403
1401
1400
1398
560
235
1480
1471
1468
1467
1460
1456
1452
1445
1430
1425
1421
1413
1412
235
228
226
1468
1467
1466
1450
1430
1424
1413
1402
226
1480
1478
1476
1475
1471
1467
1466
1465
1460
1453
1446
1445
1444
1443
1442
1439
1434
1433
1430
1428
1423
1420
1418
1416
1414
1412
1411
1404
1402
228
226
1478
1476
1475
1472
1471
1467
1466
1465
1465
1465
1465
1461
1460
1459
1458
1457
1449
1448
1446
1445
1444
1443
1442
1439
1434
1433
1428
1423
1417
1416
1414
1412
1404
1403
1398
1478
1476
1467
1466
1465
1465
1465
1465
1464
1461
1460
1459
1458
1457
1451
1449
1446
1445
1444
1443
1442
1439
1434
1428
1421
1416
1411
1404
1398
1397
623
391
244
235
228
185
124
89
68
1466
1455
1450
1412
1401
226
1573
1475
1472
1471
1465
1465
1460
1448
1446
1445
1434
1433
1423
1417
1412
1403
1480
1467
1466
1450
1413
1408
1401
245
244
235
233
228
226
220
185
1478
1476
1475
1467
1466
1465
1465
1465
1465
1465
1461
1460
1459
1458
1457
1453
1449
1446
1445
1444
1443
1442
1439
1434
1430
1428
1414
1412
1411
1410
1404
1398
1479
1478
1476
1475
1472
1471
1467
1466
1465
1465
1465
1465
1461
1460
1459
1458
1457
1449
1448
1446
1445
1444
1443
1442
1440
1439
1436
1435
1434
1434
1434
1433
1430
1428
1423
1416
1414
1412
1411
1407
1404
1403
1400
1398
235
228
26
1480
1478
1468
1467
1466
1465
1465
1460
1451
1446
1445
1444
1441
1434
1430
1412
1410
1403
1402
1398
228
226
1470
1466
1449
1441
1439
1421
1412
1398
235
63
1480
1478
1476
1475
1471
1468
1467
1465
1465
1461
1460
1452
1449
1447
1446
1445
1444
1443
1441
1439
1434
1433
1430
1423
1417
1412
1407
1398
235
228
226
1573
1480
1468
1467
1466
1465
1456
1430
1429
1427
1425
1412
1408
1401
228
226
1480
1468
1467
1466
1456
1430
1426
1425
1412
1402
1573
1479
1478
1476
1475
1472
1471
1467
1466
1465
1465
1465
1465
1461
1460
1459
1458
1457
1449
1448
1446
1445
1444
1443
1442
1440
1439
1436
1435
1434
1434
1434
1433
1430
1428
1420
1417
1416
1414
1413
1412
1411
1407
1404
1403
1400
1398
458
235
228
1478
1468
1467
1466
1465
1456
1445
1444
1432
1421
1412
1467
1466
1441
1430
1421
1408
1402
226
1467
1456
1422
1468
1467
1466
1465
1452
1450
1430
1421
1413
1401
235
228
226
1478
1476
1475
1467
1466
1465
1465
1465
1465
1461
1460
1459
1458
1457
1449
1446
1445
1444
1443
1442
1439
1434
1430
1420
1416
1412
1411
1410
1404
1398
1480
1468
1466
1456
1445
1430
1430
1430
1421
1412
228
1468
1467
1466
1450
1445
1444
1434
1429
1421
1418
1416
1412
1407
372
1480
1468
1467
1466
1465
1462
1452
1444
1441
1430
1413
1412
1402
235
1480
1478
1467
1466
1464
1445
1444
1424
1424
1424
1421
1412
1573
1479
1478
1476
1475
1472
1471
1467
1466
1465
1465
1465
1465
1461
1460
1459
1458
1457
1449
1448
1446
1445
1444
1443
1442
1440
1439
1436
1435
1434
1434
1434
1428
1423
1420
1417
1416
1414
1412
1411
1407
1404
1403
1400
1398
1479
1478
1476
1467
1466
1465
1465
1465
1465
1461
1460
1459
1458
1457
1449
1449
1447
1446
1445
1444
1443
1442
1440
1439
1439
1435
1433
1430
1428
1423
1418
1418
1417
1416
1412
1411
1407
1404
1403
1401
1400
1398
235
228
226
1479
1476
1467
1466
1465
1460
1457
1449
1446
1443
1440
1439
1434
1434
1434
1433
1423
1417
1411
1407
1403
1402
1400
1398
228
226
1478
1474
1467
1465
1464
1460
1444
1443
1434
1412
510
445
1525
1007
509
399
355
244
236
1467
1464
1445
1412
1406
1405
445
1478
1476
1475
1467
1466
1465
1465
1465
1465
1461
1460
1459
1458
1457
1449
1446
1445
1444
1443
1442
1434
1428
1416
1412
1411
1410
1404
1398
1479
1478
1467
1465
1460
1459
1458
1457
1435
1434
1434
1434
1433
1423
1417
1407
1403
1400
648
235
228
1480
1468
1467
1466
1466
1466
1462
1452
1412
1402
235
228
226
1478
1476
1475
1467
1466
1465
1465
1465
1465
1461
1460
1459
1458
1457
1453
1449
1446
1445
1444
1443
1439
1434
1430
1428
1416
1412
1411
1410
1404
1398
1573
1478
1476
1467
1466
1465
1465
1465
1465
1461
1460
1459
1458
1457
1451
1449
1446
1445
1444
1442
1439
1434
1430
1428
1416
1412
1411
1404
1398
1398
696
245
235
1478
1476
1471
1467
1466
1465
1465
1465
1465
1464
1462
1461
1460
1459
1458
1457
1449
1446
1445
1443
1442
1439
1436
1434
1430
1428
1424
1424
1423
1416
1412
1411
1404
1398
391
245
235
228
226
1481
1478
1476
1475
1472
1471
1467
1466
1465
1465
1465
1465
1465
1464
1461
1460
1459
1458
1457
1449
1448
1446
1444
1443
1442
1439
1434
1433
1428
1423
1417
1416
1414
1412
1411
1404
1403
1398
1397
814
762
734
669
242
235
1478
1478
1476
1475
1471
1467
1466
1465
1465
1465
1465
1461
1460
1459
1458
1457
1449
1445
1444
1443
1442
1439
1434
1430
1428
1420
1418
1416
1414
1412
1411
1404
1400
1398
228
226
220
1478
1476
1466
1465
1460
1449
1446
1445
1444
1443
1439
1434
1421
1420
1418
1398
1398
228
226
1476
1476
1476
1475
1472
1471
1467
1465
1459
1445
1433
1423
1417
1414
1412
1403
972
922
1478
1476
1475
1467
1466
1465
1465
1465
1465
1461
1460
1459
1458
1457
1454
1446
1445
1444
1443
1442
1439
1434
1428
1420
1416
1412
1411
1407
1405
1404
1398
1455
1424
1413
1401
1478
1476
1471
1467
1466
1465
1465
1460
1454
1449
1446
1445
1444
1443
1439
1434
1433
1425
1419
1419
1418
1417
1412
1410
1407
1402
1398
235
228
226
124
69
31
26
1480
1476
1468
1467
1466
1466
1466
1450
1441
1430
1421
1413
1402
235
228
226
1476
1465
1449
1446
1444
1443
1442
1439
1434
1433
1428
1423
1417
1416
1412
1411
1410
496
1480
1467
1466
1445
1441
1434
1430
1412
1402
1450
1413
1401
933
1478
1467
1466
1430
1429
1424
1422
1421
1418
1402
1401
228
1479
1465
1460
1459
1458
1445
1440
1439
1435
1434
1434
1434
1433
1430
1423
1417
1412
1407
1403
1400
1398
1475
1465
1459
1457
1446
1446
1446
1439
1430
1398
1476
1476
1476
1472
1465
1465
1460
1458
1457
1448
1439
1430
1414
1398
1573
1478
1476
1471
1467
1466
1465
1465
1465
1465
1461
1459
1458
1457
1449
1446
1445
1444
1443
1442
1439
1434
1430
1428
1423
1416
1414
1412
1411
1404
1400
1398
228
226
1478
1476
1475
1467
1466
1465
1465
1465
1465
1460
1459
1458
1457
1449
1446
1445
1444
1443
1442
1439
1434
1428
1420
1416
1412
1411
1404
1398
1591
1480
1478
1477
1476
1467
1466
1465
1460
1456
1445
1444
1443
1441
1434
1430
1412
1402
696
244
236
1481
1474
1467
1465
1445
1444
1424
1412
762
525
1480
1478
1477
1476
1475
1472
1471
1469
1468
1467
1466
1462
1461
1460
1459
1458
1457
1454
1453
1452
1449
1448
1446
1445
1444
1443
1442
1441
1439
1438
1436
1434
1433
1430
1428
1423
1421
1420
1418
1417
1416
1414
1412
1411
1410
1405
1404
1403
1398
235
228
226
1573
1480
1478
1477
1476
1468
1467
1464
1462
1460
1454
1452
1450
1446
1445
1444
1443
1441
1434
1430
1427
1425
1421
1418
1412
1408
1408
1402
696
235
228
226
1480
1478
1477
1476
1468
1466
1465
1465
1465
1465
1464
1461
1460
1459
1458
1457
1452
1450
1449
1446
1445
1444
1443
1442
1441
1439
1434
1428
1421
1420
1416
1412
1411
1407
1404
1398
848
788
734
648
496
346
244
235
233
228
226
1480
1467
1466
1466
1466
1465
1456
1452
1441
1436
1431
1422
1421
1413
1408
1402
244
236
235
228
226
1478
1467
1466
1465
1451
1446
1439
1434
1430
1418
228
226
68
1540
1525
1397
750
359
344
244
1478
1475
1472
1467
1465
1465
1460
1451
1448
1445
1444
1434
1433
1430
1423
1417
1414
1412
1403
1400
393
228
226
1476
1476
1476
1475
1471
1467
1466
1465
1460
1459
1448
1446
1445
1433
1423
1417
1414
1412
1403
922
242
1474
2360
1478
1478
1478
1467
1466
1465
1464
1445
1436
1434
1418
1412
696
471
1478
1476
1472
1471
1465
1465
1460
1458
1448
1446
1446
1446
1445
1443
1439
1434
1433
1423
1417
1416
1414
1412
1411
1403
445
2244
1645
1573
1478
1475
1472
1467
1466
1465
1465
1465
1465
1461
1460
1459
1458
1457
1449
1448
1446
1445
1444
1443
1442
1439
1434
1430
1428
1420
1416
1413
1412
1411
1404
1401
1398
515
509
244
228
226
1480
1467
1466
1465
1462
1456
1446
1441
1439
1439
1434
1418
1413
1412
696
235
228
226
1573
1476
1474
1467
1466
1465
1465
1465
1465
1465
1461
1460
1459
1458
1457
1451
1449
1446
1446
1445
1444
1443
1442
1439
1434
1428
1416
1412
1411
1404
1398
696
226
1475
1460
1446
1445
1443
1433
1423
1417
1414
1412
1468
1467
1466
1466
1466
1462
1452
1441
1431
1430
1424
1421
1413
1412
1402
1401
235
228
226
1502
1467
1464
1445
1005
962
818
762
734
2259
2182
2135
1505
1504
1493
476
458
2288
1412
692
1509
496
489
416
1532
1509
1506
1500
1488
735
1532
1506
1500
1487
735
682
489
405
344
1540
1517
1490
1126
1546
1517
1489
1540
1525
526
493
344
2215
2182
1540
1525
1515
1505
1504
1493
489
1540
1525
1515
1509
1505
1504
1492
1482
694
682
602
526
334
325
1521
1512
666
411
2404
2186
2175
1523
493
1498
400
1547
1541
1509
1497
866
445
400
489
1532
1506
1488
1487
735
999
755
682
489
445
1481
734
195
1538
1537
1533
1528
1540
1525
1505
1493
1492
1482
682
509
475
334
2145
1548
1540
1525
1515
1504
1493
1492
709
526
476
185
1532
1500
1488
1487
735
1540
772
401
1525
1509
708
538
509
449
2312
2178
2106
1541
1525
1498
848
708
697
525
496
400
536
346
75
1498
1521
1495
515
497
436
200
2215
2182
2145
1638
1540
1525
1509
1508
1505
1504
1493
1492
736
682
526
244
1546
1523
1489
666
509
489
323
1492
400
476
2312
2218
1909
1495
708
400
1296
1166
1024
476
1517
489
2288
2215
2182
2148
2126
1540
1515
1509
1505
1504
1493
1492
1484
1470
1397
750
673
489
400
304
194
2135
1504
1492
881
493
2330
1658
1647
1646
1645
1643
1628
1621
1530
870
400
303
254
1648
1538
1537
1533
1503
468
2390
323
304
2374
1527
1498
804
365
81
960
526
1506
1505
1500
1488
1487
735
526
1648
1538
1537
1528
1527
1503
1512
1495
2273
1550
780
696
445
2119
2102
785
1538
1533
1528
1503
855
1647
1537
1533
1528
1509
1503
2286
2249
2207
2196
2119
2102
772
725
2316
2288
2270
2238
2215
2182
1525
1515
1505
1504
1493
1492
1484
1470
1397
854
772
750
747
708
525
489
458
400
344
1509
1498
485
1546
1540
1523
1517
1490
1489
772
510
119
2119
791
790
785
687
686
1646
1394
999
999
999
975
955
950
931
887
341
289
1490
344
1548
708
476
400
393
1645
1505
940
322
1646
1645
1552
1527
789
708
515
477
1535
445
1553
715
461
1593
931
887
694
237
63
1551
890
1619
1600
1597
1592
1585
1575
1575
1575
1565
1573
401
1569
489
1641
1636
1603
1565
1559
1636
1603
1580
1565
1558
315
1564
1525
489
1562
489
1635
1561
1653
1641
1636
1603
1600
1597
1585
1580
1559
1558
1555
682
1662
1640
1630
1615
1601
1597
1592
890
696
1629
1597
1588
1578
1551
1434
849
461
1654
1621
2337
933
445
280
1583
1576
1016
1626
1619
1601
1592
1585
1555
890
515
713
1574
848
445
1588
1570
804
1653
1641
1636
1603
1565
1559
1685
1598
807
2330
1660
1648
1647
1638
1637
1601
1600
1597
1592
1585
1567
1565
1555
859
722
437
1632
1600
1597
1592
1575
1575
1575
1565
1555
1576
713
525
458
435
433
397
1629
1596
1578
733
489
372
624
489
1615
1573
1462
1632
1601
1585
1575
1575
1575
1567
1555
999
893
237
990
973
965
816
713
1600
1585
1567
1565
1555
890
1573
932
682
496
458
445
89
1571
1551
827
715
461
1671
1597
1585
1565
1555
1686
1604
1596
1592
1575
1567
1555
890
1412
1191
979
473
1580
1565
1559
1558
1686
1651
1633
1601
890
490
471
119
304
1685
1660
1658
1649
1648
1647
1646
1645
1638
1637
1612
1607
445
133
63
5
3
1
2330
1660
1658
1647
1644
1638
1637
1628
525
3
2330
2104
1685
1663
1660
1649
1648
1647
1646
1645
1638
1637
1607
708
525
393
293
275
4
3
1665
69
1445
696
2365
2159
1653
1643
1641
2330
2104
1669
1660
1649
1647
1645
1643
1637
1607
410
696
525
2307
2280
2167
2165
2158
1662
1659
1640
1631
1630
1624
1616
713
1662
1659
1640
1631
1630
1624
1615
713
1686
1682
1666
1664
1639
1626
1625
1554
890
436
3
1686
1666
1664
1651
1639
1626
890
1653
1641
1684
1673
1661
1654
1653
1647
1646
1641
1638
1637
1636
1635
1629
1627
1611
970
733
708
3
2384
2134
2130
2112
1684
1661
1654
1643
1621
515
3
2384
2112
1684
1661
1654
1653
1643
1621
445
3
1662
1659
1640
1631
1630
1616
1615
713
680
445
113
1686
1682
1666
1664
1651
1639
1626
1617
1601
890
1686
1683
1682
1666
1664
1639
1633
1632
1625
1619
1617
1554
890
1684
1661
1654
1653
1629
1621
890
445
1685
1684
1673
1664
1661
1658
1654
1648
1647
1646
1645
1641
1638
1637
1621
859
713
433
393
3
1
1684
1661
1654
1653
1627
1621
804
445
1662
1659
1640
1631
1624
1616
1615
1566
814
713
525
401
1742
1662
1659
1640
1630
1624
1616
1615
962
713
1686
1683
1639
1626
1592
1555
890
1664
1639
1626
1604
1574
890
497
1618
445
1
1685
1684
1673
1661
1654
1653
1648
1647
1646
1645
1643
1641
1638
1637
1636
1621
760
3
1684
1673
1661
1654
1653
1647
1646
1645
1641
1638
1637
1635
1621
1580
1565
1558
1555
682
2330
2174
1685
1684
1673
1663
1661
1660
1654
1653
1648
1647
1646
1645
1644
1643
1641
1638
1636
1635
1629
1627
1621
1607
400
5
3
2330
2104
1685
1684
1673
1661
1660
1658
1654
1653
1648
1647
1646
1645
1643
1641
1637
1636
1635
1629
1628
1627
1621
1607
1535
1527
1525
859
859
859
859
708
525
457
5
3
1
1686
1683
1682
1666
1664
1651
1633
1632
1626
1625
1619
1617
890
1662
1659
1631
1630
1624
1616
1615
1598
960
713
1684
1673
1661
1654
1653
1636
1635
1621
1565
1555
682
826
445
1685
1684
1673
1661
1654
1653
1648
1647
1646
1645
1641
1638
1637
1636
1635
1629
1627
1621
1611
1527
3
1
1832
1687
1668
1637
1607
2330
1685
1684
1673
1661
1654
1653
1648
1647
1646
1643
1641
1638
1637
1636
1635
1629
1627
1621
1476
2330
1685
1684
1673
1661
1654
1653
1648
1647
1645
1643
1641
1638
1637
1636
1635
1629
1627
1621
1527
5
4
3
1
2104
1685
1684
1673
1668
1661
1660
1658
1654
1653
1649
1648
1646
1645
1644
1643
1641
1638
1637
1636
1635
1629
1627
1621
1607
808
708
393
5
4
3
2330
1685
1684
1673
1661
1660
1658
1654
1653
1647
1646
1645
1643
1641
1638
1637
1636
1635
1629
1628
1627
1621
1607
1527
1525
859
859
859
859
708
666
433
3
2330
1660
1647
1645
1643
1637
1612
1607
445
1655
1683
1666
1664
1639
1619
1604
890
1676
713
401
346
1684
1673
1661
1654
1647
1646
1641
1638
1637
1636
1635
1629
1627
1621
1611
1580
1565
1555
458
3
1684
1673
1661
1653
1648
1647
1645
1643
1641
1636
1635
1629
1627
1621
1611
3
1650
1509
933
696
489
405
2330
1660
1649
1648
1647
1645
1643
1638
1637
1612
1607
682
3
2330
1660
1648
1647
1638
1628
1618
1607
1525
859
708
666
489
437
411
1662
1640
1631
1630
1624
1616
1615
807
713
713
401
2330
1668
1658
1648
1647
1645
1638
1637
1607
859
859
859
859
708
666
393
391
1685
1684
1673
1654
1653
1648
1647
1646
1645
1643
1641
1638
1637
1636
1635
1629
1627
1621
1611
526
1659
1640
1631
1630
1624
1616
1615
713
525
445
400
2330
2113
1685
1684
1673
1661
1654
1653
1648
1647
1646
1645
1643
1641
1638
1637
1636
1635
1629
1628
1621
1580
1530
1527
708
5
3
1686
1682
1666
1651
1639
1626
1625
1619
1617
1555
1554
890
1647
1638
1609
1686
1682
1664
1651
1639
1626
1625
1619
1617
890
1637
930
445
393
2330
2104
1669
1660
1658
1648
1647
1644
1637
1628
433
2104
1668
1648
1647
1645
668
445
1684
1673
1672
5
3
1
1600
1670
1621
1527
1685
1684
1661
1654
1653
1648
1647
1646
1645
1643
1641
1638
1637
1636
1635
1621
3
922
2115
713
2157
1652
1576
722
713
525
391
346
1597
890
1654
5
713
1615
1573
405
2330
2321
1660
1658
1648
1647
1638
1540
1525
1484
1470
1397
859
859
859
859
750
708
682
489
1686
1666
1664
1639
1626
1625
1617
890
1686
1651
1639
1632
1626
890
1673
1661
1654
1653
1641
1636
1635
1629
1627
1621
1611
526
2330
2104
1684
1673
1661
1654
1653
1648
1647
1646
1645
1643
1641
1638
1637
1636
1635
1629
1628
1627
1621
1549
708
471
5
3
1683
1682
1666
1664
1639
1626
1625
1619
1617
1601
890
1844
1832
1832
1832
1644
393
1853
1831
1829
1815
1745
1718
1717
1690
1647
1859
1848
1847
1820
1696
489
1875
1865
1815
1765
1717
1716
1688
1842
1785
1730
1693
1692
445
393
375
1785
1693
1691
445
1785
1692
1691
445
1712
1711
1702
1701
1699
1698
1697
1695
602
1712
1711
1702
1701
1698
1694
2288
1859
1851
1848
1847
1689
405
1706
1703
1702
1694
526
1712
1711
1702
1701
1699
1695
1694
602
1786
982
602
493
346
340
265
1710
1709
1707
445
393
1712
1711
1703
1702
1698
1695
1694
526
1712
1711
1701
1698
1697
1695
1694
324
1711
1706
1701
1697
526
1745
1717
525
445
400
393
1712
1711
1703
1697
1785
1710
1709
1700
445
393
1712
1706
1710
1707
1700
445
393
1785
1709
1707
1700
445
393
1712
1705
1703
1702
1701
1699
1698
1697
1695
1694
526
1711
1708
1706
1703
1702
1701
1699
1698
1695
1694
493
445
393
445
393
1714
472
464
433
430
419
396
386
2159
1865
1855
1840
1840
1840
1829
1815
1805
1799
1783
1765
1745
1718
1717
410
400
1840
1832
1819
1805
1805
1767
1722
1718
471
1865
1855
1840
1840
1840
1829
1819
1815
1805
1799
1765
1756
1745
1717
1716
1203
407
393
2392
1797
1648
411
1775
176
1874
1873
1868
1846
1823
1816
1812
1803
1802
1782
1781
1779
1736
1733
1732
393
1867
1848
1832
1717
393
1843
1832
1722
1832
525
509
489
471
445
400
1855
1832
1819
1805
1765
1718
1717
471
1744
1736
1732
1823
1752
1739
1842
1785
1731
393
1730
1730
1730
393
1878
1874
1873
1868
1846
1837
1823
1816
1812
1803
1802
1800
1784
1782
1781
1779
1744
1736
1733
1727
1722
1721
1717
1647
393
1874
1873
1868
1846
1823
1812
1803
1802
1782
1781
1779
1736
1732
1721
393
1832
1797
1794
1769
1860
1825
1739
1874
1873
1868
1846
1837
1823
1812
1803
1802
1800
1782
1781
1779
1772
1733
1732
1727
1721
393
1865
1855
1849
1841
1840
1829
1815
1813
1799
1773
1765
1745
1718
1717
1716
1685
1646
1645
682
1860
1852
1739
1739
1739
1722
1717
1088
445
1832
1659
1631
713
695
1805
1717
445
393
1784
1722
393
1865
1855
1840
1840
1840
1829
1815
1805
1799
1765
1718
1717
1716
445
119
1879
1832
1770
1583
1775
1760
176
1722
1717
1880
1840
1838
1831
1815
1716
471
1876
1834
419
400
1831
1823
1802
1784
1732
1722
1721
464
419
393
1850
1832
1772
1767
464
397
393
146
1850
1826
1717
393
1843
1805
1840
1817
1805
1773
1765
1886
1851
1832
1807
1837
1802
1784
400
393
493
176
1853
1718
1717
1716
518
445
401
388
1825
1853
1849
1840
1799
1767
2330
1881
1850
1831
1826
1771
393
1865
1855
1840
1840
1840
1829
1815
1805
1799
1767
1756
1745
1718
1717
1716
445
400
393
1853
1850
1832
1753
1717
445
1874
1873
1868
1846
1823
1812
1803
1802
1782
1781
1779
1736
1733
1732
1727
1721
393
1830
1797
1794
1746
1881
1850
1826
1764
393
1857
1753
464
419
396
393
1865
1841
1840
1829
1815
1805
1799
1788
1767
1737
1717
1716
235
1760
176
1832
1717
494
471
1746
471
1755
1874
1873
1868
1846
1823
1812
1803
1802
1782
1781
1736
1733
1732
1721
393
1641
1530
493
476
1874
1873
1868
1846
1831
1823
1812
1803
1802
1800
1782
1779
1736
1733
1732
1721
471
393
1874
1873
1868
1846
1823
1812
1803
1802
1781
1779
1736
1733
1732
1721
393
1882
1875
1840
1767
1745
1717
1716
525
1878
1877
1837
1816
1842
1730
1693
1692
1691
1330
659
1871
1748
1722
516
489
344
322
1880
1855
1840
1829
1815
1813
1799
1765
1745
1717
1716
471
1865
1855
1841
1815
1799
1773
1773
1773
1745
1737
1716
1882
1849
1838
1829
1815
1799
1799
1799
1799
1773
1765
1745
1717
1716
1860
1835
1821
1794
1739
682
1865
1829
1829
1829
1813
1799
1765
1718
445
1865
1840
1799
1773
1745
1718
1717
1716
2066
2046
1767
489
346
252
1860
1825
1797
1739
400
1866
1860
1852
1832
1832
1832
1794
1687
400
1852
1832
1811
1739
1722
405
1882
1865
1855
1849
1840
1838
1829
1815
1805
1789
1765
1745
1716
169
1837
1816
1784
1732
1727
682
1646
1641
6
1878
1874
1873
1868
1846
1823
1812
1803
1782
1781
1779
1752
1736
1733
1732
1721
464
419
393
1874
1873
1868
1846
1823
1812
1802
1782
1781
1779
1736
1733
1732
1721
393
2229
445
1840
1815
1773
1765
1718
1717
1878
1732
1722
1859
1851
1848
1847
1758
393
1822
393
1805
1860
1825
1798
1739
1874
1873
1868
1846
1823
1803
1802
1782
1781
1779
1736
1733
1732
1721
393
1887
1840
1815
1805
1760
1717
1716
1875
1865
1855
1840
1840
1840
1829
1805
1799
1773
1765
1749
1745
1718
1716
1690
471
445
410
400
2098
1837
1784
1732
393
1840
1805
1757
1716
393
1784
393
1840
1805
1726
1722
1718
1717
471
1689
489
1860
1794
1809
445
411
393
1874
1873
1868
1846
1837
1812
1803
1802
1784
1782
1781
1779
1752
1736
1733
1732
1721
393
1848
1722
1722
1717
1860
1794
1739
1735
1722
1717
1143
475
344
1881
1850
1771
1764
1754
1732
1755
1723
1865
1831
1815
1726
1717
471
1865
1855
1840
1805
1799
1791
1773
1765
1737
1718
393
497
1880
1853
1840
1838
1828
1826
1815
1764
1749
1745
1722
1718
1717
1257
521
471
451
1871
1797
1722
1717
1687
445
400
393
1755
1857
1750
1732
396
1794
1848
1326
476
1878
1823
1800
1784
1732
1727
1722
393
1880
1849
1840
1831
1829
1799
1799
1799
1799
1789
1749
1718
1717
1716
1334
1722
1717
1865
1855
1853
1829
1815
1813
1799
1783
1765
1749
1745
1718
1717
1716
1497
393
119
1788
1773
1773
1773
1717
1716
1785
1730
1691
445
1755
1723
1356
1350
1120
1832
1687
1807
489
1874
1873
1868
1823
1812
1803
1802
1782
1781
1779
1736
1733
1732
1721
393
1858
1848
1820
1807
1722
1696
1299
489
405
1847
1807
1722
1855
1853
1838
1815
1799
1745
1717
1716
666
509
445
1881
1826
1771
1767
1764
1753
1717
393
1807
1758
874
510
405
1861
1860
1832
1825
1798
1797
1794
1739
1865
1840
1832
1829
1805
1767
1765
1717
445
1881
1771
1764
471
411
1862
1840
1829
1815
1805
1799
1767
1765
1718
1717
1716
1840
1829
1783
1767
1745
1718
1716
1772
1753
464
433
419
397
396
386
1847
1848
1807
1722
1689
457
2288
1852
1835
1825
1797
1794
1739
1722
1852
1794
1855
1840
1829
1805
1755
1299
1397
413
1855
1840
1840
1840
1829
1819
1815
1813
1805
1799
1765
1745
1737
1718
1717
1716
1722
1717
411
393
526
2098
1874
1873
1846
1823
1812
1803
1802
1782
1781
1779
1772
1736
1733
1732
1727
1721
393
1860
1794
1722
1885
1832
489
471
445
393
215
1832
1748
1722
1647
1046
493
344
1722
1717
1095
525
2098
1874
1868
1846
1823
1812
1803
1802
1782
1781
1779
1736
1733
1732
1721
393
1873
1868
1846
1823
1812
1803
1802
1782
1781
1779
1736
1733
1732
1721
393
1815
1783
1717
1716
1690
445
400
1834
1772
1750
515
464
1878
1784
1722
1637
2337
1877
1784
2373
1746
1492
960
526
489
1840
1838
1831
1787
1749
1717
445
1850
1826
1771
1764
393
1853
1849
1840
1838
1829
1815
1799
1783
1763
1745
1718
1716
471
346
1870
393
1758
1050
1840
1813
1805
1765
1716
393
119
1814
1899
1893
956
1960
839
810
775
489
69
489
1965
1899
1646
228
1903
1896
464
435
397
393
2101
1517
510
515
489
1901
471
1965
1893
1745
1717
1716
1648
1637
708
493
1637
1527
466
1896
1895
1911
475
1958
1908
534
1774
1901
1527
1958
1905
1910
458
119
1909
393
1904
1914
1912
1964
1913
1492
526
493
623
467
426
509
471
1948
1947
1946
1944
760
1966
1961
1921
1961
1920
512
494
471
451
417
1926
1924
400
205
1923
393
1923
849
205
2081
544
427
279
160
1937
1936
1935
1931
489
1932
1931
1937
1932
1930
1929
1931
1930
489
344
1934
526
1933
922
1929
922
489
1929
489
1931
1929
825
1495
445
476
375
489
2364
1893
1646
1940
1525
489
1948
1947
1946
1919
1948
1947
1944
1919
1948
1946
1944
1919
375
1947
1946
1946
1944
1919
375
526
476
1957
1956
1955
1954
1953
2299
1647
862
2302
473
1957
1956
1955
1954
1950
1525
489
464
2302
1957
1956
1955
1953
1950
2404
1957
1956
1954
1953
1950
2233
1957
1955
1954
1953
1950
489
1956
1955
1954
1953
1950
1908
1905
499
498
1527
515
209
1891
839
810
775
445
1921
1920
1914
1899
1893
1647
1646
476
445
405
1412
252
2074
1969
1968
525
489
2016
1972
1971
1573
445
254
2060
2005
1972
1970
755
713
696
254
1971
1970
696
254
2065
2046
2045
1990
445
2069
2049
2010
1022
393
2288
2074
2049
2015
1977
1464
509
2005
1976
2030
2023
2020
2003
2002
2001
2000
1999
1998
1997
1995
2067
2023
2022
2021
2020
2001
2000
1999
1998
1997
1995
1978
1421
1171
2066
1981
2073
2066
2005
2001
1995
1980
69
2049
696
2033
2016
2015
2014
2013
2004
1262
921
920
2074
2015
254
1330
509
489
2049
2010
1993
1991
254
2049
1988
1987
2060
2074
2067
2066
2065
2046
2045
2048
2013
1993
1986
1598
2052
445
2049
1991
1986
2074
2073
2066
2049
2046
2030
2020
2003
2002
2001
2000
1999
1998
1997
1996
1573
1412
2073
2030
2020
2005
2003
2002
2001
2000
1999
1998
1997
1995
2066
2030
2023
2020
2005
2003
2002
2001
2000
1999
1998
1995
2030
2020
2003
2002
2001
2000
1999
1997
1995
1978
2030
2020
2005
2003
2002
2001
2000
1998
1997
1995
445
77
2030
2021
2020
2003
2002
2001
1999
1998
1997
1995
77
2030
2020
2003
2002
2000
1999
1998
1997
1996
1995
489
2074
2049
2030
2020
2005
2003
2001
2000
1999
1998
1997
1995
1980
254
2073
2030
2020
2002
2001
2000
1999
1998
1997
1996
1995
525
489
2033
2016
2015
2014
2013
1983
1262
921
920
2068
2025
2013
1997
1995
1981
393
181
2066
1478
1444
1443
1434
1046
393
254
2051
2049
2012
2011
2051
2049
2012
2010
2051
2011
2010
2033
2016
2015
2014
2004
1983
1262
1156
921
920
254
2033
2016
2015
2013
2004
1983
1262
921
920
393
254
2033
2016
2014
2013
2004
1983
1262
1156
921
920
489
254
2060
2033
2015
2014
2013
2004
1983
1972
1970
1468
1262
921
920
254
2054
2049
2034
1412
1398
2074
2049
2005
1466
1445
1412
2023
2022
2021
2005
1995
1979
1434
1302
2023
2022
2020
2005
1995
1979
1978
1302
2077
2023
2021
2020
2005
1995
1979
2022
2021
2020
2000
1999
1997
1995
1979
1302
1171
1598
1124
2074
2065
2046
2027
2026
2005
2027
2025
2067
2026
2025
2074
2049
1177
1176
393
254
1108
990
2074
2066
2060
2010
2002
2001
1995
1970
990
2046
2074
2016
2015
2014
2013
2004
1983
1421
1262
1156
921
920
254
2049
393
2074
2067
2037
2036
2027
2025
2013
2005
2074
2037
2035
2014
2005
2074
2036
2035
254
2072
2053
2043
2042
2041
252
2072
2053
2043
2042
2040
2072
2053
2043
2041
2040
2072
2053
2042
2041
2040
2066
2065
2046
2025
2005
2065
1990
2074
2066
1995
1990
393
755
1995
2074
1975
1412
393
254
1465
623
2049
2012
2011
2010
1974
908
254
1992
696
2072
2065
2043
2042
2041
2040
2017
393
2049
254
2404
2074
2058
2049
1192
1166
1165
445
226
2066
2046
1176
489
254
2061
1746
1412
2060
2063
1141
1087
2062
1177
1176
1141
1997
1331
1316
1261
1165
1143
2159
2074
2066
2045
2025
2005
1990
393
2074
2049
2046
445
2074
2068
1995
2074
2067
2065
2005
2071
1974
252
2066
2065
2005
2069
2010
1974
1974
990
2053
2043
2042
2041
2040
2003
1999
1996
1980
2075
2066
2049
2046
254
68
2074
2074
2074
1722
475
393
1343
2023
2022
2021
2020
1995
2245
344
1498
244
236
2193
1928
1547
544
510
279
185
31
2083
525
493
445
2082
2243
2237
2236
2176
6
2404
2288
2288
2288
2270
2254
2238
2124
510
458
393
2185
2159
2146
2404
2288
2288
2240
2231
2213
2206
2198
2186
2186
2143
2142
2140
2138
2133
2132
2126
2123
2116
393
2197
2164
2100
2097
393
2197
2186
2139
2126
2298
2297
2296
2295
2224
2199
2172
2148
2139
2197
2174
2148
2126
2275
2159
2124
2093
445
400
2305
2276
2272
2247
2211
2209
458
445
2159
708
445
393
2303
2297
2296
2295
2294
2293
2292
2288
2224
2199
2199
2199
2197
2197
2164
2139
2133
2132
2126
2100
2088
393
2283
2218
2191
485
411
393
393
79
525
393
69
2240
2218
2197
2164
2148
2139
2126
2097
2088
496
485
393
391
2404
2126
1896
1832
510
496
445
2119
1539
2304
2244
2127
399
1685
1669
1668
1647
1637
1607
525
1
2159
2141
2110
2312
2147
708
445
393
6
2287
2159
2117
2112
708
2316
1587
2113
527
2159
1646
2309
445
2134
2130
2109
1673
1157
2145
736
1675
713
2288
2240
2231
2213
2206
2198
2197
2186
2186
2148
2143
2142
2140
2138
2133
2132
2126
2123
2087
393
2309
2111
2235
1544
791
790
2181
2159
708
2270
2218
2186
2139
2136
2127
2126
1525
525
445
411
401
393
2288
2288
2240
2231
2213
2206
2198
2197
2186
2186
2143
2142
2140
2138
2133
2132
2116
2087
2288
2092
2085
2308
2214
727
2404
2270
2218
2197
2186
2148
2140
2139
2136
2127
2122
2101
458
2304
2273
2270
2218
2204
2186
2139
2136
2126
2122
2288
2240
2231
2213
2206
2198
2186
2143
2142
2140
2138
2133
2132
2123
2116
2101
2087
1587
2159
2134
2112
400
818
814
2240
2231
2213
2206
2198
2197
2186
2186
2148
2143
2142
2140
2138
2133
2123
2116
2087
393
2288
2240
2231
2213
2206
2198
2197
2186
2186
2143
2142
2140
2138
2132
2123
2116
2087
393
6
2130
2112
2259
2215
825
742
737
2304
2270
2244
2218
2186
2139
2127
2126
2122
2240
2231
2213
2206
2198
2197
2186
2186
2143
2142
2140
2133
2132
2123
2116
2087
2404
2288
2274
2270
2218
2198
2197
2186
2148
2142
2140
2136
2127
2126
2122
2100
2097
485
393
2288
2270
2240
2231
2218
2213
2206
2198
2197
2186
2186
2148
2143
2142
2139
2138
2136
2133
2132
2127
2126
2123
2122
2116
2087
393
2105
2270
2240
2231
2218
2213
2206
2198
2197
2186
2186
2143
2140
2139
2138
2136
2133
2132
2127
2126
2123
2122
2116
2087
393
2288
2288
2240
2231
2213
2206
2198
2186
2186
2142
2140
2138
2133
2132
2126
2123
2116
2087
393
2340
2160
1505
736
2185
2086
2312
2178
2106
1509
708
2315
2303
2297
2296
2293
2288
2252
2200
2199
2197
2174
2153
2139
2126
525
457
2330
2191
1648
393
2320
2200
2197
2159
445
2314
2312
2296
2226
2202
2189
2180
2162
400
393
1
706
526
2174
2154
2148
2233
2197
513
400
2312
2296
2202
393
2159
2115
1676
1659
1630
1616
713
713
2280
2268
2117
1640
1631
1630
1624
1615
713
2293
2273
2200
2094
1369
1208
848
828
814
776
713
708
489
445
373
2340
2159
2144
1645
489
405
344
1679
713
2314
2312
2226
2202
2151
1638
445
393
2314
2312
2208
2202
1628
393
2307
2281
2280
2167
2158
1615
696
344
704
526
2307
2280
2165
2158
1615
1614
696
2330
6
2148
2104
1685
1647
1628
513
400
5
1
2266
2265
2264
2263
2230
2223
2203
2187
2183
2174
2148
411
393
6
2197
2174
2148
2090
445
2315
2298
2263
2252
2231
2230
2203
2200
2197
2187
2153
2148
2091
1647
708
2288
525
445
393
242
2243
2241
2239
2237
2236
2233
2222
2084
2122
1509
668
411
405
393
848
2312
1547
445
400
2314
2312
2202
2191
2098
393
2159
2120
731
706
457
2259
2215
1540
1525
1515
1492
1482
526
489
476
344
2330
2264
2185
1647
6
2222
2176
1104
445
400
1
2146
2086
1645
526
2288
2270
2240
2231
2218
2213
2206
2198
2197
2148
2143
2142
2140
2139
2138
2136
2133
2132
2127
2126
2123
2122
2116
2087
1525
708
393
2266
2265
2264
2263
2230
2223
2203
2174
2170
2148
2376
2330
2312
2208
2122
1628
405
393
2314
2306
2226
2216
2202
2180
2163
2162
2151
393
2404
2288
2270
2238
2197
2143
2142
2133
2126
1540
526
493
2288
393
2195
2148
375
2124
2080
525
459
400
1645
1474
413
2192
2148
1647
1621
2286
2249
2207
1539
725
2315
2296
2270
2231
2200
2150
2148
2126
2097
1509
824
509
445
2288
2197
2186
2186
2139
2126
2101
485
393
2315
2303
2297
2296
2295
2294
2293
2292
2288
2224
2197
2148
2126
2096
2090
526
2315
2252
2197
2174
2159
2150
2148
496
3
1
2314
2312
2296
2226
2189
2162
2151
393
1
2266
2265
2230
2223
2187
2174
2170
2148
2395
2312
2222
2148
2127
2106
2101
489
445
400
6
411
393
6
2288
2240
2231
2213
2198
2186
2186
2143
2142
2140
2138
2133
2132
2123
2116
2087
2288
2286
2249
2196
1539
725
2274
2188
2186
2139
2101
489
458
411
405
393
6
2305
2276
2255
2211
2093
445
2330
2202
2156
2151
1648
393
2305
2276
2255
2209
2093
2092
2288
2175
400
2288
2288
2240
2231
2206
2198
2186
2186
2143
2142
2140
2138
2133
2132
2123
2116
2101
2087
2159
2125
1685
667
1
2259
2182
1540
1525
1515
1492
526
344
2330
2314
2163
1647
1638
400
393
6
1
2288
1540
393
284
2312
2296
2270
2248
2238
2226
2186
2139
2133
2126
2122
2100
2098
2097
2088
697
445
2312
2159
2119
755
445
416
410
400
2404
2288
2253
2101
708
489
445
344
416
400
2312
2204
2176
2136
2127
445
399
2296
2266
2265
2264
2252
2230
2203
2187
2174
2170
2148
525
2315
2303
2297
2296
2295
2293
2292
2199
2197
2148
2126
2090
2294
2293
2199
2148
2288
2202
2189
2162
2151
2288
708
2312
2285
1647
708
525
393
6
1525
525
399
2266
2265
2264
2252
2223
2203
2187
2178
2174
2170
2148
2288
2240
2213
2206
2198
2197
2186
2186
2148
2143
2142
2140
2138
2133
2132
2123
2116
2101
2087
393
2330
2313
2312
2106
1647
708
682
445
411
400
393
6
2243
2241
2239
2237
2236
2176
2148
2122
445
393
2119
1544
791
790
2243
2241
2239
2237
2233
2176
2243
2241
2239
2236
2233
2176
2176
445
2288
2270
2242
2197
2148
2101
2243
2241
2237
2236
2233
2176
445
2288
2231
2213
2206
2198
2197
2186
2148
2143
2142
2140
2138
2133
2132
2123
2116
2101
2087
393
2243
2239
2237
2236
2233
2176
445
2303
2297
2296
2270
2238
2197
2241
2239
2237
2236
2233
2222
2176
2176
2084
6
2304
2279
2273
2136
2127
2404
2078
445
6
2316
1903
1540
1484
525
2273
2272
2159
2127
697
445
2296
2155
2148
708
393
1
2286
2207
2196
2119
1539
725
686
334
2282
2257
1464
1443
445
2270
2138
1525
509
2290
2200
2197
2174
2148
2094
2288
2270
2220
2197
2126
2101
1540
344
2288
2288
2288
1525
1247
526
476
2209
445
393
445
2288
2282
2250
2174
445
400
6
2215
2135
714
526
489
344
708
6
2330
1647
437
393
6
471
2265
2264
2170
2170
2170
489
2266
2265
2263
2230
2223
2223
2223
2187
2174
526
489
2266
2264
2230
2223
2203
2187
2174
2170
2148
489
445
2265
2264
2252
2230
2223
2203
2187
2174
2170
2148
1647
489
2308
758
445
399
2158
1630
1615
713
2404
2330
2312
1648
1647
393
6
2296
2238
2218
2197
2186
2150
2139
2136
2127
2126
2122
1638
1540
1525
393
848
2305
2273
2267
2247
2127
525
445
2275
2272
2127
2092
750
458
375
2197
2139
2092
496
445
2305
2273
2272
2255
2247
2211
2209
2159
2093
2092
445
2197
682
509
2245
2273
2244
2136
2127
445
2307
2167
2165
2158
1624
1615
2165
820
788
722
695
2288
2257
2250
2098
1505
866
489
334
2330
2312
2228
1647
393
6
2249
2207
2196
1539
725
2159
2117
2107
445
2404
2254
1310
708
526
344
2299
2291
489
459
445
2288
2148
1607
526
510
509
459
2404
1525
2315
2303
2297
2296
2295
2294
2293
2224
2199
2199
2199
2174
2148
2126
2096
2303
2298
2297
2296
2295
2294
2292
2288
2224
2199
2199
2199
2197
2148
2096
1540
1525
1523
526
510
509
2303
2297
2296
2295
2293
2292
2225
2224
2199
2199
2199
2148
2096
509
2303
2297
2296
2294
2293
2292
2224
2199
2199
2199
2148
2096
2303
2297
2295
2294
2293
2292
2288
2242
2224
2199
2199
2199
2148
2096
1540
525
510
509
489
427
2303
2296
2295
2294
2293
2292
2288
2224
2199
2199
2199
2197
2148
2096
1540
1525
2303
2296
2293
2290
2252
2197
2174
2148
1722
1525
2289
2148
526
489
445
400
393
2301
526
489
2300
526
489
1952
510
489
2297
2296
2295
2294
2293
2292
2224
2199
2199
2199
2197
2148
2096
526
525
496
489
2279
2270
2244
2127
2103
399
2276
2273
2272
2247
2211
2209
2093
445
2280
2167
2165
2158
1615
2107
708
2312
1647
1638
393
6
2330
2122
1648
411
393
1
2178
2147
2106
1509
708
400
393
2330
2312
2232
2106
1647
400
393
6
2306
2216
2202
2189
2180
2163
393
1
2242
2224
2197
2148
2126
1509
2288
2246
2175
2108
1903
1540
1484
854
772
750
747
525
397
1891
489
352
2342
119
2339
2150
708
464
433
2384
1685
1684
1638
1621
1150
859
2319
458
458
1549
972
932
922
887
325
2334
2333
445
375
1653
1648
471
451
2349
1645
1801
1653
1641
1621
3
1549
491
237
2388
2384
2364
1684
1661
1654
1621
1663
1660
1658
1653
1648
1647
1646
1645
1638
1637
1607
437
433
1897
1646
1583
1549
2334
2324
375
2341
2333
2324
1413
2356
471
682
489
1654
848
713
2320
2160
2159
2144
405
2359
516
2343
1645
71
2364
2342
1621
975
960
1673
818
682
457
2384
2364
2326
1660
2387
1571
833
749
715
461
772
445
1593
489
237
235
2330
427
2371
1647
682
445
399
347
515
436
2363
2284
434
845
400
90
2366
2364
526
510
393
2404
2358
1525
427
2384
2349
2330
526
489
1653
1643
1641
1611
733
3
2364
2361
708
489
2373
2380
2344
975
960
31
2355
2337
1637
299
2320
708
1587
1478
1530
602
457
2392
2106
2098
1648
1647
708
393
6
2384
2364
733
713
489
320
2359
119
2291
2159
696
242
119
2112
1684
1654
1653
1643
969
903
3
1509
489
445
391
90
2349
1646
1573
2351
832
827
827
761
749
483
461
461
1684
1654
1621
733
3
526
2403
448
408
304
304
304
304
304
288
285
284
272
271
270
269
10
2400
2398
2397
2396
2395
2393
1648
1637
1527
708
393
2400
2398
2395
2391
1311
856
399
0
2399
2147
1647
2400
2398
2393
2391
1535
1498
826
750
445
2397
2391
2396
2391
708
561
464
461
445
433
386
196
2400
2395
2393
2391
1650
693
445
399
2394
1832
2398
2395
2393
2391
2402
2393
1466
399
0
2404
2401
1832
399
9
8
7
6
2390
448
408
304
304
304
304
304
288
285
272
271
270
269
10
2402
2401
2291
2231
1493
399
9
8
7
6
